6 0.84375 0.740625 0.85625 0.6864583333333333 0.8546875 0.6447916666666667 0.8453125 0.603125 0.83125 0.5739583333333333 0.834375 0.5489583333333333 0.80390625 0.5125 0.7609375 0.4864583333333333 0.8046875 0.4427083333333333 0.8078125 0.415625 0.7890625 0.33645833333333336 0.7734375 0.2989583333333333 0.75703125 0.27291666666666664 0.728125 0.246875 0.72734375 0.23333333333333334 0.721875 0.23645833333333333 0.728125 0.228125 0.7203125 0.21770833333333334 0.72421875 0.2125 0.72578125 0.21875 0.7296875 0.20729166666666668 0.728125 0.190625 0.71875 0.16770833333333332 0.70234375 0.15 0.69140625 0.14791666666666667 0.6828125 0.16770833333333332 0.68125 0.22604166666666667 0.6875 0.22604166666666667 0.6875 0.240625 0.68359375 0.23125 0.671875 0.253125 0.67265625 0.33125 0.61484375 0.3333333333333333 0.5796875 0.30520833333333336 0.578125 0.2760416666666667 0.56953125 0.26458333333333334 0.53203125 0.24791666666666667 0.47890625 0.2520833333333333 0.45703125 0.2625 0.4515625 0.278125 0.453125 0.31145833333333334 0.43828125 0.33541666666666664 0.38984375 0.375 0.35234375 0.375 0.33828125 0.36666666666666664 0.31796875 0.33125 0.29609375 0.3145833333333333 0.23515625 0.3 0.21328125 0.28541666666666665 0.19296875 0.28958333333333336 0.18359375 0.2791666666666667 0.178125 0.2989583333333333 0.1625 0.31354166666666666 0.171875 0.3614583333333333 0.16640625 0.3729166666666667 0.14921875 0.36875 0.1421875 0.37604166666666666 0.1484375 0.3885416666666667 0.1390625 0.4239583333333333 0.14375 0.440625 0.11875 0.45729166666666665 0.128125 0.4864583333333333 0.15625 0.5114583333333333 0.140625 0.571875 0.14375 0.6427083333333333 0.1578125 0.6822916666666666 0.19296875 0.7291666666666666 0.21953125 0.7395833333333334 0.25546875 0.7395833333333334 0.27578125 0.7291666666666666 0.315625 0.6864583333333333 0.33359375 0.65 0.35546875 0.6625 0.39296875 0.6645833333333333 0.41484375 0.6791666666666667 0.47109375 0.69375 0.48359375 0.7 0.49140625 0.71875 0.49765625 0.7083333333333334 0.52265625 0.7083333333333334 0.61640625 0.7229166666666667 0.625 0.715625 0.63203125 0.6833333333333333 0.6578125 0.7489583333333333 0.69140625 0.79375 0.72265625 0.8125 0.7734375 0.8114583333333333 0.79609375 0.8020833333333334 0.84375 0.740625
10 0.02109375 0 0.0203125 0.053125 0.0328125 0.065625 0.0328125 0.0010416666666666667 0.02109375 0
10 0.0515625 0.34479166666666666 0.04375 0.3177083333333333 0.0359375 0.11979166666666667 0.02890625 0.11458333333333333 0.0203125 0.12604166666666666 0.021875 0.33645833333333336 0.02734375 0.35833333333333334 0.0453125 0.3572916666666667 0.0515625 0.35520833333333335 0.0515625 0.34479166666666666
10 0.18984375 0 0.1640625 0.0010416666666666667 0.1703125 0.26979166666666665 0.175 0.27395833333333336 0.190625 0.2635416666666667 0.18984375 0
10 0.28671875 0 0.2796875 0.240625 0.28671875 0.2520833333333333 0.296875 0.25104166666666666 0.303125 0.0010416666666666667 0.28671875 0
10 0.375 0.0010416666666666667 0.36796875 0.0020833333333333333 0.36484375 0.0125 0.34765625 0 0.3640625 0.03229166666666667 0.3640625 0.07395833333333333 0.3578125 0.10104166666666667 0.340625 0.10520833333333333 0.35234375 0.10625 0.3671875 0.13645833333333332 0.3734375 0.3260416666666667 0.378125 0.35104166666666664 0.3859375 0.353125 0.3703125 0.042708333333333334 0.375 0.0010416666666666667
10 0.534375 0.234375 0.52734375 0 0.496875 0.0010416666666666667 0.4984375 0.23854166666666668 0.5046875 0.24479166666666666 0.52890625 0.24375 0.534375 0.234375
10 0.57421875 0 0.5703125 0.06979166666666667 0.575 0.2677083333333333 0.5828125 0.30520833333333336 0.59375 0.309375 0.5890625 0.007291666666666667 0.58671875 0 0.57421875 0
10 0.55078125 0 0.54375 0.246875 0.55625 0.25104166666666666 0.559375 0.003125 0.55078125 0
10 0.46875 0.096875 0.4625 0.0010416666666666667 0.45390625 0 0.459375 0.2552083333333333 0.4640625 0.25729166666666664 0.471875 0.25104166666666666 0.46875 0.096875
10 0.84375 0.2947916666666667 0.8578125 0.2635416666666667 0.85 0.21770833333333334 0.83125 0.20729166666666668 0.84375 0.184375 0.84375 0.16354166666666667 0.8296875 0.14895833333333333 0.8265625 0.121875 0.8140625 0.11354166666666667 0.80859375 0.09166666666666666 0.8046875 0.11145833333333334 0.79296875 0.12708333333333333 0.759375 0.14895833333333333 0.75 0.18645833333333334 0.75625 0.21979166666666666 0.746875 0.24479166666666666 0.79453125 0.32708333333333334 0.8140625 0.328125 0.840625 0.31979166666666664 0.84375 0.2947916666666667
10 1 0.11354166666666667 0.99140625 0.1125 0.9859375 0.090625 0.97734375 0.09166666666666666 0.96796875 0.075 0.93125 0.115625 0.925 0.14895833333333333 0.903125 0.16770833333333332 0.8984375 0.19479166666666667 0.9 0.246875 0.9109375 0.27395833333333336 0.915625 0.3302083333333333 0.92109375 0.33125 0.93515625 0.3104166666666667 0.94921875 0.30833333333333335 0.9625 0.334375 0.96875 0.271875 0.99453125 0.2520833333333333 1 0.23854166666666668 1 0.11354166666666667
10 0.903125 0.165625 0.921875 0.14895833333333333 0.928125 0.11770833333333333 0.96484375 0.07291666666666667 0.97734375 0.08958333333333333 0.98984375 0.08958333333333333 0.990625 0.10104166666666667 1 0.10729166666666666 0.99921875 0 0.7828125 0.0010416666666666667 0.828125 0.026041666666666668 0.828125 0.06979166666666667 0.8171875 0.103125 0.8328125 0.14895833333333333 0.8484375 0.16354166666666667 0.84375 0.20520833333333333 0.85546875 0.225 0.8625 0.22395833333333334 0.8953125 0.215625 0.903125 0.165625