6 0.8046875 0.553125 0.80625 0.5072916666666667 0.796875 0.465625 0.7828125 0.43645833333333334 0.7828125 0.415625 0.7296875 0.37395833333333334 0.7734375 0.3385416666666667 0.775 0.30520833333333336 0.75 0.23645833333333333 0.734375 0.21145833333333333 0.7296875 0.190625 0.734375 0.18854166666666666 0.7359375 0.16145833333333334 0.72578125 0.14375 0.7140625 0.146875 0.71171875 0.175 0.68046875 0.15625 0.690625 0.18854166666666666 0.66328125 0.19166666666666668 0.659375 0.20520833333333333 0.6640625 0.215625 0.65625 0.23020833333333332 0.62890625 0.2520833333333333 0.59453125 0.24166666666666667 0.58515625 0.20208333333333334 0.56171875 0.19583333333333333 0.51328125 0.2 0.49375 0.21145833333333333 0.484375 0.246875 0.46796875 0.27291666666666664 0.44609375 0.29375 0.42265625 0.3020833333333333 0.37890625 0.2916666666666667 0.34296875 0.24791666666666667 0.24765625 0.22708333333333333 0.23203125 0.2125 0.22734375 0.2375 0.2015625 0.24479166666666666 0.203125 0.2635416666666667 0.2234375 0.2947916666666667 0.203125 0.30104166666666665 0.196875 0.3927083333333333 0.21484375 0.40208333333333335 0.2203125 0.4197916666666667 0.228125 0.4239583333333333 0.2109375 0.46770833333333334 0.2109375 0.5260416666666666 0.2265625 0.5677083333333334 0.25859375 0.6041666666666666 0.28046875 0.6125 0.31328125 0.5958333333333333 0.34296875 0.6020833333333333 0.3765625 0.5697916666666667 0.39140625 0.53125 0.41484375 0.5416666666666666 0.45703125 0.5416666666666666 0.51015625 0.5625 0.63984375 0.5666666666666667 0.6453125 0.559375 0.6453125 0.490625 0.65546875 0.4666666666666667 0.6578125 0.5197916666666667 0.6640625 0.521875 0.671875 0.559375 0.71328125 0.5854166666666667 0.72890625 0.6041666666666666 0.765625 0.615625 0.796875 0.578125 0.8046875 0.553125
10 0.24453125 0 0.203125 0.0010416666666666667 0.2109375 0.121875 0.20625 0.17395833333333333 0.2234375 0.17604166666666668 0.253125 0.16770833333333332 0.24453125 0
10 0.29375 0.153125 0.28359375 0 0.26875 0.0010416666666666667 0.275 0.11979166666666667 0.2703125 0.16145833333333334 0.2765625 0.16354166666666667 0.28828125 0.1625 0.29375 0.153125
10 0.76015625 0 0.7578125 0.007291666666666667 0.7546875 0.10729166666666666 0.740625 0.20104166666666667 0.7703125 0.209375 0.78671875 0.19583333333333333 0.8390625 0.19479166666666667 0.8265625 0.13854166666666667 0.81328125 0 0.76015625 0
10 0.94375 0.0010416666666666667 0.92265625 0 0.9265625 0.146875 0.9421875 0.14895833333333333 0.95 0.146875 0.94375 0.0010416666666666667
10 0.96796875 0 0.953125 0.003125 0.9484375 0.10104166666666667 0.959375 0.10520833333333333 0.9640625 0.10104166666666667 0.96796875 0
10 0.8671875 0.003125 0.84921875 0 0.8421875 0.14270833333333333 0.8609375 0.153125 0.8671875 0.11979166666666667 0.8671875 0.003125
10 0.75 0.103125 0.75390625 0 0.603125 0.0010416666666666667 0.60625 0.08854166666666667 0.6140625 0.121875 0.62265625 0.13541666666666666 0.63515625 0.12291666666666666 0.65546875 0.12083333333333333 0.665625 0.13020833333333334 0.66875 0.15520833333333334 0.67109375 0.125 0.75 0.103125
10 0.55078125 0.12291666666666666 0.5671875 0.10104166666666667 0.5640625 0.053125 0.5453125 0.04479166666666667 0.5453125 0.026041666666666668 0.559375 0.005208333333333333 0.48671875 0 0.4796875 0.023958333333333335 0.490625 0.04479166666666667 0.4921875 0.06354166666666666 0.475 0.06979166666666667 0.4734375 0.09895833333333333 0.48984375 0.12708333333333333 0.5109375 0.14479166666666668 0.51875 0.171875 0.525 0.17395833333333333 0.5296875 0.128125 0.55078125 0.12291666666666666
10 0.05625 0.005208333333333333 0.05078125 0 0.05 0.06770833333333333 0.059375 0.15104166666666666 0.065625 0.17604166666666668 0.0734375 0.178125 0.0578125 0.06979166666666667 0.05625 0.005208333333333333
10 0.15 0.0010416666666666667 0.13984375 0 0.1484375 0.146875 0.1515625 0.16354166666666667 0.1625 0.165625 0.165625 0.15104166666666666 0.15 0.0010416666666666667