8 0.8825 0.9221105527638191 0.8325 0.907035175879397 0.8108333333333333 0.8844221105527639 0.7925 0.8793969849246231 0.7766666666666666 0.8505025125628141 0.7716666666666666 0.8178391959798995 0.7483333333333333 0.792713567839196 0.7408333333333333 0.7688442211055276 0.6291666666666667 0.7613065326633166 0.5575 0.8015075376884422 0.5241666666666667 0.7989949748743719 0.5108333333333334 0.7814070351758794 0.4791666666666667 0.7788944723618091 0.37083333333333335 0.7864321608040201 0.3425 0.7989949748743719 0.30666666666666664 0.8379396984924623 0.2833333333333333 0.9685929648241206 0.28833333333333333 1 0.9083333333333333 0.9937185929648241 0.8825 0.9221105527638191
8 0.875 0.7474874371859297 0.875 0.7022613065326633 0.8666666666666667 0.6620603015075377 0.8283333333333334 0.571608040201005 0.8133333333333334 0.5163316582914573 0.8066666666666666 0.43090452261306533 0.7933333333333333 0.38567839195979897 0.7808333333333334 0.3693467336683417 0.6341666666666667 0.271356783919598 0.6216666666666667 0.24246231155778894 0.62 0.19472361809045227 0.6041666666666666 0.1708542713567839 0.5675 0.16080402010050251 0.5408333333333334 0.16834170854271358 0.4683333333333333 0.2776381909547739 0.44333333333333336 0.33542713567839194 0.4008333333333333 0.36180904522613067 0.3466666666666667 0.4610552763819096 0.315 0.6444723618090452 0.31833333333333336 0.7324120603015075 0.3408333333333333 0.7889447236180904 0.5075 0.7763819095477387 0.5291666666666667 0.7964824120603015 0.5541666666666667 0.7964824120603015 0.6258333333333334 0.7587939698492462 0.7075 0.7587939698492462 0.7441666666666666 0.7688442211055276 0.7516666666666667 0.792713567839196 0.7725 0.8140703517587939 0.7808333333333334 0.8366834170854272 0.7933333333333333 0.8379396984924623 0.8658333333333333 0.7663316582914573 0.875 0.7474874371859297
8 0.29333333333333333 0.7625628140703518 0.30833333333333335 0.6947236180904522 0.305 0.6746231155778895 0.25916666666666666 0.6005025125628141 0.2025 0.5376884422110553 0.17916666666666667 0.542713567839196 0.17166666666666666 0.5540201005025126 0.105 0.7223618090452262 0.13083333333333333 0.7914572864321608 0.16083333333333333 0.8291457286432161 0.195 0.8505025125628141 0.26416666666666666 0.8165829145728644 0.29333333333333333 0.7625628140703518
8 0.10666666666666667 0.9409547738693468 0.11166666666666666 0.8505025125628141 0.09333333333333334 0.7952261306532663 0.03 0.6871859296482412 0.021666666666666667 0.657035175879397 0.009166666666666667 0.6381909547738693 0.0008333333333333334 0.6381909547738693 0 0.9334170854271356 0.05 0.9962311557788944 0.09083333333333334 0.964824120603015 0.10666666666666667 0.9409547738693468
8 0.105 0.742462311557789 0.105 0.714824120603015 0.11666666666666667 0.6746231155778895 0.11 0.6469849246231156 0.10416666666666667 0.6381909547738693 0.060833333333333336 0.635678391959799 0.04833333333333333 0.6746231155778895 0.05333333333333334 0.7097989949748744 0.0875 0.7763819095477387 0.115 0.7902010050251256 0.12166666666666667 0.7876884422110553 0.105 0.742462311557789
8 0 0.6168341708542714 0.0175 0.6206030150753769 0.04583333333333333 0.6457286432160804 0.0625 0.6306532663316583 0.07916666666666666 0.6306532663316583 0.13166666666666665 0.6494974874371859 0.18083333333333335 0.5402010050251256 0.2075 0.5376884422110553 0.25916666666666666 0.5954773869346733 0.2683333333333333 0.5816582914572864 0.2733333333333333 0.5087939698492462 0.25333333333333335 0.38316582914572866 0.25666666666666665 0.3530150753768844 0.27666666666666667 0.31532663316582915 0.2833333333333333 0.2851758793969849 0.2633333333333333 0.19974874371859297 0.2175 0.15326633165829145 0.0675 0.1984924623115578 0.04083333333333333 0.2236180904522613 0 0.2851758793969849 0 0.6168341708542714
8 0.06916666666666667 0.1934673366834171 0.16583333333333333 0.16834170854271358 0.18583333333333332 0.15326633165829145 0.21833333333333332 0.08417085427135679 0.215 0.00628140703517588 0.1075 0 0.09416666666666666 0.02512562814070352 0.0775 0.03768844221105527 0.04 0.0992462311557789 0.043333333333333335 0.12437185929648241 0.051666666666666666 0.13190954773869346 0 0.2022613065326633 0.0016666666666666668 0.2751256281407035 0.03916666666666667 0.22110552763819097 0.06916666666666667 0.1934673366834171
8 0.34833333333333333 0.1444723618090452 0.3175 0.09045226130653267 0.3075 0.09045226130653267 0.2925 0.11557788944723618 0.22583333333333333 0.10301507537688442 0.20833333333333334 0.1444723618090452 0.2633333333333333 0.1972361809045226 0.27666666666666667 0.26256281407035176 0.28833333333333333 0.28015075376884424 0.36333333333333334 0.24748743718592964 0.34833333333333333 0.1444723618090452
8 0.345 0.4610552763819096 0.37833333333333335 0.3907035175879397 0.4075 0.35175879396984927 0.44333333333333336 0.33040201005025127 0.4633333333333333 0.28266331658291455 0.45916666666666667 0.24623115577889448 0.3525 0.2562814070351759 0.2991666666666667 0.27386934673366836 0.2866666666666667 0.2876884422110553 0.27666666666666667 0.33291457286432163 0.26 0.3530150753768844 0.25833333333333336 0.3731155778894472 0.28 0.5263819095477387 0.31166666666666665 0.5314070351758794 0.33 0.5263819095477387 0.345 0.4610552763819096
8 0.35833333333333334 0.1871859296482412 0.3433333333333333 0.13190954773869346 0.34833333333333333 0.011306532663316583 0.3408333333333333 0 0.2775 0.010050251256281407 0.20666666666666667 0.13190954773869346 0.21083333333333334 0.1457286432160804 0.265 0.19974874371859297 0.2783333333333333 0.2650753768844221 0.28833333333333333 0.28015075376884424 0.3616666666666667 0.24748743718592964 0.35833333333333334 0.1871859296482412
8 0.36083333333333334 0 0.35333333333333333 0.011306532663316583 0.3466666666666667 0.13190954773869346 0.36 0.16959798994974876 0.37333333333333335 0.17964824120603015 0.4216666666666667 0.056532663316582916 0.42583333333333334 0 0.36083333333333334 0
8 0.4475 0 0.44 0.05150753768844221 0.4166666666666667 0.07412060301507538 0.39 0.13442211055276382 0.37 0.22738693467336685 0.3725 0.25125628140703515 0.45916666666666667 0.24120603015075376 0.4691666666666667 0.2638190954773869 0.47583333333333333 0.2638190954773869 0.5425 0.16331658291457288 0.5808333333333333 0.15577889447236182 0.6183333333333333 0.18467336683417085 0.6266666666666667 0.25251256281407036 0.6358333333333334 0.26884422110552764 0.6966666666666667 0.30778894472361806 0.7166666666666667 0.15954773869346733 0.7016666666666667 0.08919597989949749 0.6941666666666667 0 0.4475 0
8 1 0.25251256281407036 0.9933333333333333 0.22487437185929648 0.925 0.114321608040201 0.9 0.0414572864321608 0.8858333333333334 0.022613065326633167 0.8475 0.01507537688442211 0.8533333333333334 0.00628140703517588 0.8408333333333333 0.002512562814070352 0.7591666666666667 0.002512562814070352 0.7466666666666667 0.026381909547738693 0.75 0.06909547738693467 0.7333333333333333 0.10175879396984924 0.7116666666666667 0.3203517587939699 0.7925 0.3793969849246231 0.8208333333333333 0.4849246231155779 0.8508333333333333 0.44974874371859297 0.8891666666666667 0.44974874371859297 0.9558333333333333 0.5125628140703518 0.9891666666666666 0.5703517587939698 1 0.5690954773869347 1 0.25251256281407036
8 0.8566666666666667 0.001256281407035176 0.8608333333333333 0.01507537688442211 0.8875 0.020100502512562814 0.9016666666666666 0.038944723618090454 0.9183333333333333 0.09673366834170855 0.9375 0.1306532663316583 0.9675 0.11306532663316583 1 0.13442211055276382 0.9991666666666666 0 0.8566666666666667 0.001256281407035176
8 1 0.13944723618090452 0.9591666666666666 0.11306532663316583 0.9416666666666667 0.13693467336683418 0.995 0.22236180904522612 1 0.24748743718592964 1 0.13944723618090452
8 1 0.5992462311557789 0.9933333333333333 0.5841708542713567 0.9558333333333333 0.5150753768844221 0.9025 0.45979899497487436 0.8775 0.44974874371859297 0.8491666666666666 0.45226130653266333 0.8266666666666667 0.4937185929648241 0.8266666666666667 0.5540201005025126 0.87 0.6695979899497487 0.8783333333333333 0.742462311557789 0.9541666666666667 0.7336683417085427 1 0.7801507537688442 1 0.5992462311557789
8 1 0.7977386934673367 0.9966666666666667 0.7826633165829145 0.9675 0.7437185929648241 0.9225 0.7336683417085427 0.8908333333333334 0.7487437185929648 0.8158333333333333 0.8165829145728644 0.79 0.8630653266331658 0.7975 0.8793969849246231 0.8125 0.8819095477386935 0.8375 0.907035175879397 0.8608333333333333 0.9095477386934674 0.9025 0.9321608040201005 0.9133333333333333 0.9510050251256281 0.91 0.9886934673366834 0.9175 1 1 0.9987437185929648 1 0.7977386934673367