8 0.575 0.53875 0.5716666666666667 0.47125 0.5891666666666666 0.4325 0.6266666666666667 0.39125 0.625 0.38125 0.6008333333333333 0.3525 0.5725 0.35 0.5208333333333334 0.365 0.4658333333333333 0.395 0.45 0.41875 0.4266666666666667 0.51625 0.43166666666666664 0.57375 0.4583333333333333 0.57375 0.5825 0.555 0.575 0.53875
8 0.6725 0.5125 0.7391666666666666 0.445 0.81 0.33625 0.8183333333333334 0.30125 0.7958333333333333 0.2925 0.7691666666666667 0.3 0.7541666666666667 0.315 0.7291666666666666 0.3075 0.6425 0.3725 0.6241666666666666 0.395 0.6233333333333333 0.38375 0.5991666666666666 0.3525 0.5825 0.35 0.4875 0.38 0.4533333333333333 0.41125 0.43 0.49625 0.4266666666666667 0.54625 0.43416666666666665 0.575 0.4925 0.5725 0.5491666666666667 0.555 0.5858333333333333 0.5575 0.6183333333333333 0.57375 0.6475 0.5625 0.6725 0.5125
8 1 0.56625 0.9716666666666667 0.48375 0.9441666666666667 0.4425 0.9125 0.4025 0.8625 0.3825 0.8491666666666666 0.3475 0.7925 0.38 0.7408333333333333 0.4475 0.7125 0.47 0.6833333333333333 0.52625 0.65 0.60625 0.6316666666666667 0.67125 0.6316666666666667 0.69875 0.6083333333333333 0.74625 0.5983333333333334 0.80375 0.5666666666666667 0.89875 0.5666666666666667 0.92375 0.5566666666666666 0.91625 0.5383333333333333 0.98875 0.5425 1 0.5775 1 0.8083333333333333 1 0.8258333333333333 0.9975 0.8241666666666667 0.98 0.8341666666666666 0.9975 0.8533333333333334 0.98125 0.8425 0.91 0.8791666666666667 1 0.9408333333333333 1 1 0.95625 1 0.56625
8 0.25166666666666665 1 0.3275 0.9675 0.3458333333333333 0.94 0.37083333333333335 0.935 0.43416666666666665 0.88 0.4741666666666667 0.8575 0.4925 0.82 0.5225 0.805 0.6283333333333333 0.69125 0.6483333333333333 0.59125 0.5875 0.5625 0.5341666666666667 0.56 0.49583333333333335 0.575 0.43416666666666665 0.5775 0.3775 0.5975 0.3275 0.63 0.2775 0.6775 0.20083333333333334 0.71 0.16583333333333333 0.74 0.06833333333333333 0.88125 0.04 0.95375 0.0475 1 0.25166666666666665 1
8 0.2325 0.7 0.2791666666666667 0.6725 0.31916666666666665 0.6225 0.4033333333333333 0.58375 0.3625 0.425 0.32416666666666666 0.3975 0.2991666666666667 0.3925 0.20083333333333334 0.42 0.16333333333333333 0.47125 0.1275 0.545 0.055 0.62625 0.05333333333333334 0.66375 0.0675 0.73 0.11083333333333334 0.715 0.13083333333333333 0.7275 0.14666666666666667 0.75625 0.20416666666666666 0.705 0.2325 0.7
8 0.013333333333333334 1 0.03833333333333333 0.95875 0.058333333333333334 0.89625 0.10916666666666666 0.8125 0.13666666666666666 0.78375 0.14166666666666666 0.75125 0.12916666666666668 0.7275 0.0975 0.7175 0 0.78125 0 1 0.013333333333333334 1
8 0.05 0.64125 0.05333333333333334 0.62375 0.07583333333333334 0.595 0.0475 0.59 0 0.61125 0.0016666666666666668 0.77625 0.065 0.73625 0.05 0.64125
8 0.185 0.43625 0.18333333333333332 0.40625 0.16583333333333333 0.375 0.12916666666666668 0.365 0.09916666666666667 0.3775 0.07916666666666666 0.3925 0.045 0.44375 0.03333333333333333 0.50125 0.03833333333333333 0.55375 0.0625 0.59 0.08333333333333333 0.59125 0.13166666666666665 0.53625 0.185 0.43625
8 0.03333333333333333 0.52625 0.043333333333333335 0.44875 0.0825 0.3875 0.11166666666666666 0.36875 0.07833333333333334 0.28625 0.0625 0.265 0.0475 0.2675 0.03833333333333333 0.28125 0.0016666666666666668 0.42875 0.0016666666666666668 0.60875 0.051666666666666666 0.58375 0.03333333333333333 0.52625
8 0.04833333333333333 0.26625 0.04416666666666667 0.26 0 0.25125 0.0016666666666666668 0.43125 0.023333333333333334 0.32375 0.04833333333333333 0.26625
8 0 0.23875 0.01 0.23875 0.0325 0.19 0.06666666666666667 0.16125 0.06 0.08375 0.050833333333333335 0.05 0.0375 0.0525 0.014166666666666666 0.095 0 0.10125 0 0.23875
8 0.08 0.18875 0.0675 0.16 0.0325 0.19 0.013333333333333334 0.22625 0.015833333333333335 0.2525 0.051666666666666666 0.25875 0.06833333333333333 0.20125 0.08 0.18875
8 0.11333333333333333 0.10875 0.12916666666666668 0 0.051666666666666666 0.00375 0.051666666666666666 0.04375 0.06833333333333333 0.15875 0.08666666666666667 0.18625 0.13333333333333333 0.16375 0.11333333333333333 0.10875
8 0.22416666666666665 0.375 0.245 0.33875 0.24166666666666667 0.31625 0.1575 0.2375 0.1325 0.17 0.07416666666666667 0.195 0.05333333333333334 0.25875 0.07666666666666666 0.28125 0.10666666666666667 0.35625 0.11416666666666667 0.3675 0.1625 0.3725 0.18833333333333332 0.39625 0.20416666666666666 0.38 0.22416666666666665 0.375
8 0.37 0.28625 0.3933333333333333 0.26125 0.39 0.19125 0.37666666666666665 0.16125 0.37666666666666665 0.14875 0.38333333333333336 0.14875 0.38 0.13625 0.37583333333333335 0.13 0.36833333333333335 0.13875 0.37 0.11625 0.31583333333333335 0.0025 0.13416666666666666 0 0.12333333333333334 0.03125 0.115 0.10875 0.14833333333333334 0.21625 0.17916666666666667 0.26 0.23916666666666667 0.31 0.2625 0.365 0.2791666666666667 0.3775 0.29833333333333334 0.37625 0.3458333333333333 0.355 0.37 0.28625
8 0.5466666666666666 0.35375 0.5225 0.3175 0.47583333333333333 0.275 0.3908333333333333 0.27 0.3775 0.2775 0.3516666666666667 0.34875 0.36333333333333334 0.38375 0.3925 0.3875 0.41583333333333333 0.3775 0.4533333333333333 0.40875 0.4841666666666667 0.38 0.5466666666666666 0.35375
8 0.425 0.50125 0.44666666666666666 0.43375 0.445 0.41125 0.4325 0.3875 0.41083333333333333 0.3775 0.3925 0.39 0.3575 0.3925 0.3466666666666667 0.40625 0.36666666666666664 0.42875 0.39666666666666667 0.56125 0.41 0.58375 0.425 0.57125 0.425 0.50125
8 0.4125 0 0.39166666666666666 0.00875 0.385 0.06625 0.38666666666666666 0.12875 0.3983333333333333 0.19875 0.4175 0.2625 0.48083333333333333 0.275 0.5491666666666667 0.35 0.5958333333333333 0.3475 0.6483333333333333 0.36375 0.7033333333333334 0.32375 0.695 0.22625 0.7066666666666667 0.19625 0.7283333333333334 0.17125 0.7333333333333333 0.14875 0.7233333333333334 0.09125 0.71 0.04875 0.6916666666666667 0.02375 0.6941666666666667 0.0175 0.6458333333333334 0 0.4125 0
8 0.3875 0 0.32166666666666666 0.00125 0.3383333333333333 0.05375 0.355 0.07875 0.38166666666666665 0.03375 0.3875 0
8 0.9025 0.335 0.915 0.29875 0.9258333333333333 0.2875 0.9341666666666667 0.2975 0.9433333333333334 0.28375 0.9341666666666667 0 0.9041666666666667 0.0025 0.7991666666666667 0.0825 0.7525 0.1375 0.7291666666666666 0.18 0.7141666666666666 0.19 0.695 0.23125 0.7091666666666666 0.315 0.7275 0.305 0.7508333333333334 0.3125 0.7691666666666667 0.2975 0.8091666666666667 0.29 0.8216666666666667 0.30375 0.8041666666666667 0.3625 0.8441666666666666 0.345 0.865 0.36125 0.8741666666666666 0.34 0.9025 0.335
8 0.8675 0.03 0.8666666666666667 0.00375 0.7025 0.0025 0.7383333333333333 0.15375 0.7958333333333333 0.0825 0.8675 0.03
8 1 0.56625 0.9716666666666667 0.48375 0.9441666666666667 0.4425 0.9125 0.4025 0.8675 0.3875 0.8491666666666666 0.3475 0.7925 0.38 0.7425 0.445 0.7125 0.47 0.6833333333333333 0.52625 0.65 0.60625 0.6316666666666667 0.67125 0.6316666666666667 0.69875 0.6083333333333333 0.74625 0.5983333333333334 0.80375 0.5516666666666666 0.93125 0.5383333333333333 0.98625 0.5425 1 0.5608333333333333 1 0.8083333333333333 1 0.8258333333333333 0.9975 0.8241666666666667 0.98 0.8341666666666666 0.9975 0.8516666666666667 0.98375 0.8425 0.91 0.8791666666666667 1 0.9408333333333333 1 1 0.95625 1 0.56625
8 1 0.00125 0.9441666666666667 0 0.9366666666666666 0.02375 0.9483333333333334 0.29375 0.9433333333333334 0.43625 0.9716666666666667 0.47875 1 0.55625 1 0.00125