8 0.515 0.6055555555555555 0.49916666666666665 0.5755555555555556 0.47583333333333333 0.5622222222222222 0.4525 0.5733333333333334 0.42583333333333334 0.62 0.41 0.6277777777777778 0.405 0.6655555555555556 0.4275 0.6955555555555556 0.49166666666666664 0.6966666666666667 0.51 0.6855555555555556 0.515 0.6055555555555555
8 0.5533333333333333 0.5433333333333333 0.5466666666666666 0.5211111111111111 0.5208333333333334 0.49777777777777776 0.49416666666666664 0.5 0.44 0.55 0.46416666666666667 0.5533333333333333 0.5058333333333334 0.5822222222222222 0.515 0.5811111111111111 0.5458333333333333 0.56 0.5533333333333333 0.5433333333333333
8 0.4083333333333333 0.63 0.4275 0.6177777777777778 0.44666666666666666 0.5788888888888889 0.43916666666666665 0.5533333333333333 0.41583333333333333 0.5555555555555556 0.3958333333333333 0.5688888888888889 0.34833333333333333 0.6233333333333333 0.34833333333333333 0.67 0.3625 0.6822222222222222 0.38666666666666666 0.6833333333333333 0.40166666666666667 0.6633333333333333 0.4083333333333333 0.63
8 0.5391666666666667 0.5111111111111111 0.6025 0.4955555555555556 0.625 0.47444444444444445 0.6316666666666667 0.43222222222222223 0.625 0.41 0.5958333333333333 0.37333333333333335 0.5408333333333334 0.3466666666666667 0.48083333333333333 0.28444444444444444 0.4375 0.2688888888888889 0.3875 0.29333333333333333 0.37166666666666665 0.3233333333333333 0.37 0.4011111111111111 0.35833333333333334 0.4988888888888889 0.36583333333333334 0.5111111111111111 0.4666666666666667 0.5188888888888888 0.5075 0.49333333333333335 0.5391666666666667 0.5111111111111111
8 0.7691666666666667 0.7155555555555555 0.785 0.6788888888888889 0.7816666666666666 0.6344444444444445 0.7508333333333334 0.5955555555555555 0.7125 0.5755555555555556 0.6391666666666667 0.5666666666666667 0.6191666666666666 0.5777777777777777 0.6 0.6433333333333333 0.5983333333333334 0.6855555555555556 0.605 0.71 0.6258333333333334 0.7288888888888889 0.705 0.7322222222222222 0.7425 0.7311111111111112 0.7691666666666667 0.7155555555555555
8 0.6341666666666667 0.5666666666666667 0.6808333333333333 0.5622222222222222 0.6816666666666666 0.5522222222222222 0.6708333333333333 0.5377777777777778 0.5925 0.5422222222222223 0.5333333333333333 0.57 0.5341666666666667 0.5822222222222222 0.5633333333333334 0.5833333333333334 0.555 0.6211111111111111 0.5658333333333333 0.6444444444444445 0.5983333333333334 0.65 0.615 0.5833333333333334 0.6341666666666667 0.5666666666666667
8 0.9016666666666666 0.5277777777777778 0.8875 0.5066666666666667 0.8591666666666666 0.4955555555555556 0.7991666666666667 0.5044444444444445 0.7708333333333334 0.52 0.7566666666666667 0.5388888888888889 0.7575 0.5466666666666666 0.7725 0.5511111111111111 0.885 0.5522222222222222 0.9016666666666666 0.5433333333333333 0.9016666666666666 0.5277777777777778
8 0.7525 0.5222222222222223 0.7575 0.5288888888888889 0.8083333333333333 0.4988888888888889 0.7558333333333334 0.4688888888888889 0.6516666666666666 0.5144444444444445 0.6725 0.5288888888888889 0.7233333333333334 0.5366666666666666 0.7491666666666666 0.5311111111111111 0.7525 0.5222222222222223
8 1 0.4477777777777778 0.975 0.43666666666666665 0.9783333333333334 0.4166666666666667 0.9658333333333333 0.39111111111111113 0.9241666666666667 0.3844444444444444 0.8958333333333334 0.36 0.8325 0.3711111111111111 0.7958333333333333 0.39555555555555555 0.7541666666666667 0.4088888888888889 0.7266666666666667 0.44555555555555554 0.7416666666666667 0.45 0.7391666666666666 0.4666666666666667 0.7691666666666667 0.4711111111111111 0.8025 0.4911111111111111 0.8691666666666666 0.4955555555555556 0.9025 0.52 0.95 0.5188888888888888 0.9775 0.5044444444444445 1 0.5077777777777778 1 0.4477777777777778
8 0.6533333333333333 0.3788888888888889 0.6041666666666666 0.30444444444444446 0.5925 0.29777777777777775 0.5775 0.30444444444444446 0.5616666666666666 0.33444444444444443 0.5858333333333333 0.3377777777777778 0.6158333333333333 0.36444444444444446 0.6333333333333333 0.39 0.6416666666666667 0.42333333333333334 0.6483333333333333 0.42333333333333334 0.655 0.40555555555555556 0.6533333333333333 0.3788888888888889
8 0.5808333333333333 0.33555555555555555 0.5466666666666666 0.3477777777777778 0.5883333333333334 0.36333333333333334 0.6016666666666667 0.3566666666666667 0.5808333333333333 0.33555555555555555
8 0.5675 0.31333333333333335 0.5083333333333333 0.31 0.545 0.34555555555555556 0.56 0.33666666666666667 0.5675 0.31333333333333335
8 0.37 0.39666666666666667 0.3641666666666667 0.32 0.30083333333333334 0.3288888888888889 0.27166666666666667 0.35 0.27666666666666667 0.4211111111111111 0.2925 0.44 0.31 0.4388888888888889 0.3616666666666667 0.43222222222222223 0.37 0.39666666666666667
8 0.265 0.44333333333333336 0.18416666666666667 0.46 0.17833333333333334 0.5166666666666667 0.19166666666666668 0.5166666666666667 0.2575 0.49333333333333335 0.265 0.44333333333333336
8 0.18083333333333335 0.4622222222222222 0.13083333333333333 0.4688888888888889 0.11166666666666666 0.4811111111111111 0.10166666666666667 0.5233333333333333 0.14 0.5233333333333333 0.17833333333333334 0.5166666666666667 0.18083333333333335 0.4622222222222222
8 0.275 0.41444444444444445 0.27166666666666667 0.3988888888888889 0.25416666666666665 0.3933333333333333 0.22083333333333333 0.4 0.18166666666666667 0.43444444444444447 0.18416666666666667 0.4577777777777778 0.21 0.45666666666666667 0.2675 0.44 0.275 0.41444444444444445
8 0.235 0.39 0.22416666666666665 0.37555555555555553 0.16583333333333333 0.38666666666666666 0.13 0.42333333333333334 0.12666666666666668 0.44333333333333336 0.13166666666666665 0.44555555555555554 0.1925 0.42444444444444446 0.235 0.39
8 0.06916666666666667 0.45555555555555555 0.1175 0.4533333333333333 0.1375 0.41333333333333333 0.16083333333333333 0.3888888888888889 0.18083333333333335 0.3844444444444444 0.18333333333333332 0.37444444444444447 0.1675 0.36444444444444446 0.12583333333333332 0.3688888888888889 0.11916666666666667 0.35555555555555557 0.10416666666666667 0.35555555555555557 0.04083333333333333 0.4111111111111111 0.023333333333333334 0.43444444444444447 0.016666666666666666 0.45222222222222225 0.021666666666666667 0.46111111111111114 0.0425 0.44222222222222224 0.06916666666666667 0.45555555555555555
8 0.09833333333333333 0.46555555555555556 0.05416666666666667 0.4444444444444444 0.035833333333333335 0.4444444444444444 0.023333333333333334 0.45666666666666667 0.016666666666666666 0.4855555555555556 0.03166666666666667 0.49 0.0975 0.47333333333333333 0.09833333333333333 0.46555555555555556
8 0 0.40555555555555556 0.005 0.40555555555555556 0.06416666666666666 0.38666666666666666 0.09833333333333333 0.3566666666666667 0.0575 0.3466666666666667 0.0325 0.35333333333333333 0.0125 0.37333333333333335 0 0.37222222222222223 0 0.40555555555555556
8 0.2575 0.3466666666666667 0.22083333333333333 0.35333333333333333 0.20166666666666666 0.37222222222222223 0.22416666666666665 0.37555555555555553 0.23916666666666667 0.39555555555555555 0.27166666666666667 0.39666666666666667 0.27166666666666667 0.3655555555555556 0.2575 0.3466666666666667