8 0.5841666666666666 0.505 0.6033333333333334 0.47625 0.5983333333333334 0.43875 0.5608333333333333 0.37 0.5391666666666667 0.365 0.4575 0.42 0.3875 0.48 0.37166666666666665 0.50375 0.36 0.60125 0.3875 0.63 0.43166666666666664 0.63625 0.47583333333333333 0.6125 0.5841666666666666 0.505
8 0.4866666666666667 0.40125 0.4525 0.3725 0.4125 0.39 0.38666666666666666 0.44625 0.38166666666666665 0.48625 0.43916666666666665 0.4325 0.4866666666666667 0.40125
8 0.5966666666666667 0.61875 0.6166666666666667 0.56875 0.5958333333333333 0.52 0.5775 0.5125 0.5416666666666666 0.55125 0.5383333333333333 0.58625 0.5575 0.635 0.5708333333333333 0.6475 0.5833333333333334 0.64625 0.5983333333333334 0.64125 0.5966666666666667 0.61875
8 0.7216666666666667 0.65625 0.7183333333333334 0.62375 0.6925 0.56 0.6408333333333334 0.56 0.6125 0.585 0.5983333333333334 0.61625 0.6108333333333333 0.68 0.6616666666666666 0.70125 0.715 0.68875 0.7216666666666667 0.65625
8 1 0.53125 0.985 0.49375 0.9608333333333333 0.4575 0.9358333333333333 0.4475 0.8475 0.45 0.7958333333333333 0.4625 0.76 0.54375 0.73 0.74625 0.8358333333333333 0.8875 0.9041666666666667 0.9175 0.9325 0.9075 0.9525 0.9275 1 0.92875 1 0.53125
8 0.7083333333333334 0.75625 0.6875 0.7325 0.6816666666666666 0.73875 0.6816666666666666 0.77125 0.6916666666666667 0.77375 0.7058333333333333 0.77 0.7083333333333334 0.75625
8 0.7125 0.6925 0.6708333333333333 0.695 0.6533333333333333 0.71125 0.6591666666666667 0.72 0.705 0.72375 0.7166666666666667 0.71125 0.7125 0.6925
8 0.53 0.69875 0.5125 0.68 0.5 0.69125 0.49833333333333335 0.70875 0.515 0.71375 0.5291666666666667 0.7125 0.53 0.69875
8 0 0.88125 0.014166666666666666 0.8925 0.09 0.89125 0.1325 0.8625 0.1425 0.825 0.15916666666666668 0.83 0.18916666666666668 0.805 0.21083333333333334 0.8025 0.24833333333333332 0.74125 0.2783333333333333 0.59875 0.27666666666666667 0.54375 0.2625 0.51 0.23916666666666667 0.495 0.20583333333333334 0.495 0.059166666666666666 0.6225 0 0.69875 0 0.88125
8 0.36666666666666664 0.54875 0.36 0.50125 0.3275 0.47 0.28583333333333333 0.485 0.2633333333333333 0.50625 0.2783333333333333 0.54625 0.2783333333333333 0.60875 0.26666666666666666 0.67375 0.31666666666666665 0.68125 0.33 0.67125 0.36666666666666664 0.54875
10 0.29833333333333334 0.41875 0.3016666666666667 0.25625 0.2925 0.09 0.2816666666666667 0.11125 0.2816666666666667 0.18125 0.275 0.21375 0.27 0.49125 0.27666666666666667 0.49125 0.295 0.47125 0.29833333333333334 0.41875
10 0.05583333333333333 0 0.045 0.00125 0.03166666666666667 0.50625 0.03166666666666667 0.55125 0.045 0.55625 0.05333333333333334 0.37625 0.05583333333333333 0
10 0.14833333333333334 0.45625 0.165 0.43125 0.165 0.39375 0.16916666666666666 0.4275 0.18 0.39125 0.19166666666666668 0.38375 0.18583333333333332 0.37 0.17166666666666666 0.37125 0.18833333333333332 0.34875 0.18666666666666668 0.27125 0.17833333333333334 0.26375 0.18666666666666668 0.25375 0.19 0.16625 0.18583333333333332 0.1525 0.17166666666666666 0.15125 0.16833333333333333 0.24125 0.15916666666666668 0.2525 0.14583333333333334 0.2525 0.145 0.23875 0.15083333333333335 0.2475 0.15166666666666667 0.23375 0.145 0.20625 0.13916666666666666 0.0825 0.13416666666666666 0.0925 0.11083333333333334 0.085 0.10333333333333333 0.11375 0.09666666666666666 0.19125 0.1 0.23875 0.095 0.24875 0.1 0.29375 0.085 0.30625 0.10333333333333333 0.41125 0.105 0.50375 0.11333333333333333 0.50875 0.14166666666666666 0.50125 0.14833333333333334 0.45625
10 0.2683333333333333 0.18875 0.27166666666666667 0.14125 0.26666666666666666 0.13625 0.2733333333333333 0.11875 0.26666666666666666 0.08875 0.2725 0.07 0.255 0.08375 0.235 0.13125 0.225 0.31375 0.21833333333333332 0.32875 0.22333333333333333 0.33625 0.25166666666666665 0.26125 0.2683333333333333 0.18875