8 0.6741666666666667 0.515 0.6791666666666667 0.5025 0.6858333333333333 0.515 0.6941666666666667 0.5125 0.73 0.45625 0.7483333333333333 0.38625 0.7541666666666667 0.395 0.7616666666666667 0.37625 0.7683333333333333 0.31625 0.7525 0.27 0.6725 0.245 0.6241666666666666 0.2475 0.615 0.25875 0.6033333333333334 0.29375 0.575 0.46875 0.5925 0.4925 0.66 0.52125 0.6658333333333334 0.51 0.6741666666666667 0.515
8 0 0.77125 0.008333333333333333 0.79375 0.0275 0.8125 0.15416666666666667 0.87 0.17416666666666666 0.865 0.1775 0.88 0.18916666666666668 0.885 0.205 0.88375 0.2475 0.8075 0.31583333333333335 0.725 0.3575 0.6875 0.44083333333333335 0.6625 0.45166666666666666 0.62375 0.46 0.46125 0.43666666666666665 0.28125 0.4008333333333333 0.2175 0.35083333333333333 0.175 0.20916666666666667 0.1725 0.13416666666666666 0.185 0.07416666666666667 0.2025 0 0.23875 0 0.77125
8 0.6716666666666666 1 0.6783333333333333 0.98125 0.67 0.86875 0.6416666666666667 0.77125 0.6075 0.7225 0.5675 0.69 0.4891666666666667 0.6675 0.39416666666666667 0.675 0.35083333333333333 0.695 0.3175 0.7275 0.225 0.84875 0.205 0.91375 0.18 0.96125 0.17333333333333334 0.99375 0.1875 1 0.6716666666666666 1
8 0.8366666666666667 0.96875 0.8816666666666667 0.82125 0.8783333333333333 0.67625 0.8583333333333333 0.58875 0.8241666666666667 0.54 0.7625 0.505 0.6975 0.515 0.6175 0.57 0.56 0.64375 0.5483333333333333 0.67875 0.6075 0.7175 0.645 0.77375 0.6733333333333333 0.87875 0.68 0.99625 0.8033333333333333 1 0.8208333333333333 0.9925 0.8366666666666667 0.96875
8 0.8533333333333334 0.52125 0.8308333333333333 0.48 0.7991666666666667 0.4525 0.7508333333333334 0.4475 0.7208333333333333 0.4725 0.6983333333333334 0.51125 0.7291666666666666 0.5025 0.7825 0.51 0.8375 0.5525 0.8666666666666667 0.60125 0.8683333333333333 0.55875 0.8533333333333334 0.52125
8 0.9816666666666667 0.39375 0.9766666666666667 0.32875 0.9541666666666667 0.295 0.9258333333333333 0.285 0.8658333333333333 0.285 0.7991666666666667 0.315 0.775 0.34625 0.7766666666666666 0.36125 0.8025 0.395 0.8441666666666666 0.4175 0.8858333333333334 0.455 0.96 0.46125 0.9766666666666667 0.45375 0.9816666666666667 0.39375
8 0.8508333333333333 0.29 0.9225 0.2825 0.9383333333333334 0.25875 0.935 0.22625 0.9091666666666667 0.1825 0.8791666666666667 0.1725 0.8025 0.17 0.7575 0.19 0.7258333333333333 0.2175 0.7116666666666667 0.25375 0.7541666666666667 0.27 0.7666666666666667 0.29875 0.7733333333333333 0.34375 0.8008333333333333 0.3125 0.8508333333333333 0.29
8 1 0.26125 0.9458333333333333 0.26 0.9266666666666666 0.28375 0.9575 0.295 0.975 0.31875 0.9816666666666667 0.35375 0.9816666666666667 0.45125 1 0.46375 1 0.26125
8 0.49916666666666665 0.28 0.5258333333333334 0.2825 0.5891666666666666 0.3225 0.5983333333333334 0.31375 0.6066666666666667 0.27125 0.6241666666666666 0.24 0.6575 0.235 0.6858333333333333 0.2475 0.685 0.21625 0.665 0.17125 0.6358333333333334 0.13 0.5808333333333333 0.115 0.5508333333333333 0.1175 0.44666666666666666 0.21125 0.44 0.23375 0.44 0.27375 0.445 0.32875 0.45 0.33125 0.4675 0.2975 0.49916666666666665 0.28
8 0.5883333333333334 0.32375 0.5158333333333334 0.28 0.47583333333333333 0.29 0.45166666666666666 0.33375 0.45416666666666666 0.3475 0.4741666666666667 0.355 0.5225 0.355 0.5358333333333334 0.3375 0.56 0.35625 0.5741666666666667 0.35 0.5883333333333334 0.32375
8 0.0925 0.1925 0.13083333333333333 0.185 0.13333333333333333 0.16625 0.09916666666666667 0.07 0.0875 0.06 0.0008333333333333334 0.04 0.0016666666666666668 0.20625 0.05416666666666667 0.165 0.0925 0.1925
8 0 0.23375 0.005 0.23375 0.09 0.19125 0.05583333333333333 0.165 0.005833333333333334 0.2 0 0.21125 0 0.23375