8 0.5241666666666667 0.6425 0.5641666666666667 0.605 0.5716666666666667 0.58625 0.55 0.46875 0.5125 0.43 0.4725 0.4425 0.4225 0.475 0.4125 0.495 0.36583333333333334 0.505 0.3566666666666667 0.51875 0.35333333333333333 0.56125 0.36916666666666664 0.5975 0.4091666666666667 0.63 0.47833333333333333 0.65125 0.49083333333333334 0.64 0.5241666666666667 0.6425
8 0.8075 0.7325 0.8825 0.7175 0.9016666666666666 0.68375 0.9083333333333333 0.65625 0.91 0.59625 0.9016666666666666 0.56375 0.8841666666666667 0.545 0.8458333333333333 0.5325 0.8358333333333333 0.5075 0.7925 0.51 0.7708333333333334 0.4975 0.7241666666666666 0.5075 0.6858333333333333 0.4975 0.6558333333333334 0.5075 0.6283333333333333 0.58875 0.6283333333333333 0.60125 0.6391666666666667 0.615 0.6441666666666667 0.595 0.6533333333333333 0.59875 0.655 0.66625 0.6708333333333333 0.685 0.6791666666666667 0.6825 0.675 0.68875 0.6875 0.7075 0.7341666666666666 0.7175 0.76 0.73375 0.7758333333333334 0.725 0.8075 0.7325
8 0.7941666666666667 0.7875 0.815 0.79125 0.8183333333333334 0.75875 0.8108333333333333 0.74 0.7791666666666667 0.725 0.7425 0.745 0.6958333333333333 0.75 0.6616666666666666 0.77375 0.665 0.80125 0.6525 0.825 0.6775 0.8175 0.6875 0.8025 0.7225 0.8025 0.7333333333333333 0.81875 0.7275 0.85 0.7633333333333333 0.85625 0.785 0.82875 0.7941666666666667 0.7875
8 0.45 0.32375 0.4375 0.3 0.4091666666666667 0.28 0.3825 0.2725 0.3125 0.28 0.3016666666666667 0.30125 0.3016666666666667 0.33875 0.30916666666666665 0.3525 0.33416666666666667 0.345 0.3441666666666667 0.37 0.36916666666666664 0.3675 0.38916666666666666 0.4075 0.4716666666666667 0.40625 0.48 0.38625 0.45 0.32375
8 0.7758333333333334 0.41 0.7441666666666666 0.3975 0.7175 0.41 0.6741666666666667 0.405 0.6583333333333333 0.41875 0.6658333333333334 0.4475 0.6841666666666667 0.45 0.7175 0.4775 0.7458333333333333 0.4875 0.7725 0.48 0.7933333333333333 0.49875 0.79 0.42625 0.7758333333333334 0.41
8 0.6875 0.3425 0.6375 0.35 0.6116666666666667 0.37125 0.6208333333333333 0.3875 0.7233333333333334 0.38875 0.7191666666666666 0.3725 0.6875 0.3425
8 0.1025 0.42 0.1175 0.41 0.13166666666666665 0.41875 0.12 0.37125 0.0925 0.335 0.07083333333333333 0.3225 0.05 0.38375 0.05 0.42375 0.06916666666666667 0.4 0.1025 0.42
8 0.11083333333333334 0.45 0.11166666666666666 0.42875 0.07916666666666666 0.4025 0.06583333333333333 0.4025 0.04833333333333333 0.42875 0.04666666666666667 0.46125 0.08333333333333333 0.46875 0.09583333333333334 0.4475 0.11083333333333334 0.45
8 0.17833333333333334 0.65875 0.17083333333333334 0.64 0.12416666666666666 0.6375 0.09333333333333334 0.65875 0.09416666666666666 0.675 0.10416666666666667 0.675 0.13166666666666665 0.71375 0.17166666666666666 0.69375 0.17833333333333334 0.65875
8 0.3275 0.63 0.29083333333333333 0.6275 0.27666666666666667 0.64375 0.2866666666666667 0.66375 0.285 0.68875 0.295 0.69125 0.3233333333333333 0.66625 0.3275 0.63
8 0.37666666666666665 0.74375 0.3408333333333333 0.72 0.3308333333333333 0.7225 0.2966666666666667 0.77125 0.31083333333333335 0.7775 0.3308333333333333 0.77 0.3358333333333333 0.785 0.35 0.79125 0.36666666666666664 0.77375 0.37666666666666665 0.74375
8 0.6091666666666666 0.54 0.5908333333333333 0.5175 0.5683333333333334 0.52375 0.5866666666666667 0.53625 0.5816666666666667 0.54875 0.5858333333333333 0.575 0.6083333333333333 0.57625 0.62 0.56625 0.6091666666666666 0.54
8 0.6033333333333334 0.65375 0.5625 0.6325 0.5633333333333334 0.66625 0.5675 0.675 0.58 0.67375 0.6008333333333333 0.6675 0.6033333333333334 0.65375