8 0.48375 0.7333333333333333 0.62375 0.7233333333333334 0.71125 0.7383333333333333 0.83875 0.7083333333333334 0.8075 0.5375 0.70625 0.49833333333333335 0.62625 0.495 0.54875 0.4766666666666667 0.52625 0.48 0.37375 0.46166666666666667 0.18625 0.4716666666666667 0.08625 0.49166666666666664 0.075 0.49916666666666665 0.0825 0.6958333333333333 0.14375 0.735 0.18375 0.7433333333333333 0.25125 0.7766666666666666 0.2975 0.7808333333333334 0.40625 0.7483333333333333 0.48375 0.7333333333333333
8 0.24625 0.8916666666666667 0.26125 0.8916666666666667 0.28875 0.91 0.32375 0.905 0.50375 0.91 0.70625 0.8983333333333333 0.7875 0.8525 0.7825 0.7991666666666667 0.7525 0.7641666666666667 0.68125 0.7316666666666667 0.58375 0.725 0.44375 0.7416666666666667 0.29625 0.785 0.13375 0.8583333333333333 0.1075 0.8825 0.1225 0.9091666666666667 0.15 0.9108333333333334 0.18625 0.8983333333333333 0.24625 0.8916666666666667
8 0.5975 0.41083333333333333 0.53625 0.36333333333333334 0.54 0.4725 0.625 0.4891666666666667 0.625 0.4475 0.5975 0.41083333333333333
8 0.47125 0.30333333333333334 0.42125 0.2783333333333333 0.37125 0.2733333333333333 0.32875 0.2816666666666667 0.2925 0.31416666666666665 0.28 0.4625 0.37125 0.46 0.39625 0.4666666666666667 0.48 0.4691666666666667 0.4875 0.32083333333333336 0.47125 0.30333333333333334
8 0.795 0.38083333333333336 0.77375 0.305 0.7725 0.3975 0.785 0.4075 0.795 0.4058333333333333 0.795 0.38083333333333336
8 0.78375 0.41 0.7725 0.4175 0.775 0.49583333333333335 0.8 0.5025 0.8 0.5141666666666667 0.78 0.5191666666666667 0.8075 0.5258333333333334 0.7975 0.41583333333333333 0.78375 0.41
8 0.715 0.2475 0.70125 0.24333333333333335 0.64375 0.25333333333333335 0.6025 0.2808333333333333 0.59 0.35583333333333333 0.5975 0.4075 0.655 0.4875 0.715 0.49583333333333335 0.7275 0.2708333333333333 0.715 0.2475
8 1 0.7258333333333333 0.98375 0.72 0.98 0.7775 0.985 0.7975 1 0.8008333333333333 1 0.7258333333333333
8 0.855 0.7475 0.84375 0.7116666666666667 0.78875 0.72 0.715 0.7425 0.7575 0.7658333333333334 0.79 0.8141666666666667 0.81 0.8175 0.8375 0.8075 0.855 0.7475
8 0.42875 0.91 0.37625 0.905 0.30875 0.91 0.29 0.9191666666666667 0.29375 0.925 0.39125 0.9333333333333333 0.4875 0.9908333333333333 0.48625 1 0.62 0.9991666666666666 0.55875 0.9433333333333334 0.42875 0.91
8 0.43125 0.9633333333333334 0.38125 0.9566666666666667 0.29625 0.93 0.21375 0.92 0.19125 0.94 0.15875 0.9466666666666667 0.14875 0.955 0.14875 0.935 0.11875 0.925 0.09625 0.925 0.09 0.9308333333333333 0.11 0.9641666666666666 0.1275 0.9658333333333333 0.09625 1 0.4725 0.9991666666666666 0.4725 0.9891666666666666 0.43125 0.9633333333333334
10 0.00125 0 0 0.9008333333333334 0.01 0.9025 0.01 0.8808333333333334 0.02375 0.8783333333333333 0.04125 0.91 0.09 0.9175 0.11125 0.915 0.1125 0.9075 0.085 0.8191666666666667 0.0725 0.45416666666666666 0.0525 0.2758333333333333 0.0525 0.22416666666666665 0.085 0.08083333333333333 0.0875 0.0225 0.08375 0 0.00125 0
10 0.67625 0 0.68 0.0125 0.715 0.035833333333333335 0.7175 0.0675 0.70625 0.07166666666666667 0.6725 0.050833333333333335 0.645 0.0008333333333333334 0.62625 0 0.6325 0.0525 0.69 0.09916666666666667 0.725 0.1175 0.75 0.1625 0.75 0.18583333333333332 0.74 0.1925 0.7625 0.22916666666666666 0.765 0.2625 0.785 0.3075 0.8175 0.5725 0.84 0.6858333333333333 0.8675 0.7658333333333334 0.855 0.8241666666666667 0.8575 0.8741666666666666 0.89 0.8891666666666667 0.9 0.9141666666666667 0.9125 0.9158333333333334 0.94 0.9108333333333334 0.95 0.8641666666666666 0.9375 0.8441666666666666 0.9425 0.7958333333333333 0.95375 0.805 0.98 0.7975 0.975 0.7308333333333333 1 0.6008333333333333 1 0.0008333333333333334 0.83125 0 0.81875 0.005 0.82125 0 0.67625 0
10 0.55 0.0008333333333333334 0.50375 0 0.485 0.4658333333333333 0.535 0.47583333333333333 0.5325 0.3275 0.55 0.0008333333333333334
10 0.3025 0.2675 0.2925 0.21416666666666667 0.2975 0.1875 0.28875 0.17166666666666666 0.27625 0.17166666666666666 0.2675 0.18083333333333335 0.2575 0.3258333333333333 0.2425 0.41583333333333333 0.225 0.4558333333333333 0.22875 0.4666666666666667 0.2725 0.4658333333333333 0.28 0.4608333333333333 0.3025 0.2675
10 0.20625 0 0.2025 0.005833333333333334 0.1975 0.0525 0.1775 0.05583333333333333 0.1875 0.0725 0.1975 0.07416666666666667 0.19 0.09416666666666666 0.1975 0.1475 0.17875 0.14166666666666666 0.175 0.14916666666666667 0.195 0.16916666666666666 0.1875 0.17416666666666666 0.175 0.2791666666666667 0.1575 0.3308333333333333 0.16 0.44416666666666665 0.1675 0.4675 0.1875 0.4691666666666667 0.22 0.45916666666666667 0.22 0.43916666666666665 0.21375 0.44166666666666665 0.20625 0.43333333333333335 0.2 0.4375 0.2 0.35083333333333333 0.21 0.33416666666666667 0.2075 0.22583333333333333 0.22 0.19083333333333333 0.205 0.15416666666666667 0.215 0.08083333333333333 0.2025 0.06416666666666666 0.21375 0.06833333333333333 0.22 0.060833333333333336 0.22125 0 0.20625 0