10 0.65 0.35875 0.6425 0.3425 0.635 0.35625 0.615 0.53625 0.615 0.55125 0.63 0.56875 0.65 0.38375 0.65 0.35875
10 0.6816666666666666 0.55875 0.6558333333333334 0.3425 0.6483333333333333 0.40875 0.6616666666666666 0.57375 0.6633333333333333 0.58625 0.67 0.58625 0.6816666666666666 0.58375 0.6816666666666666 0.55875
10 0.725 0.67625 0.725 0.39125 0.74 0.11875 0.7358333333333333 0 0.7233333333333334 0.00375 0.7183333333333334 0.27625 0.71 0.36125 0.705 0.60375 0.6966666666666667 0.68125 0.7008333333333333 0.705 0.715 0.70625 0.7216666666666667 0.70125 0.725 0.67625
10 0.79 0.25875 0.79 0.20375 0.8083333333333333 0.10375 0.8133333333333334 0.03375 0.8091666666666667 0 0.7933333333333333 0.00625 0.7833333333333333 0.16875 0.7283333333333334 0.55375 0.725 0.63625 0.7533333333333333 0.64125 0.75 0.55875 0.79 0.25875
10 0.8316666666666667 0.28625 0.8275 0.27 0.815 0.30625 0.81 0.38375 0.77 0.62375 0.7725 0.6325 0.7866666666666666 0.63125 0.825 0.37375 0.8316666666666667 0.28625
10 0.9483333333333334 0.58375 0.955 0.56625 0.9466666666666667 0.55875 0.9491666666666667 0.5475 0.955 0.55375 0.955 0.52875 0.9458333333333333 0.5175 0.9425 0.5275 0.94 0.51375 0.9416666666666667 0.46125 0.9641666666666666 0.4525 1 0.46625 0.9991666666666666 0 0.9225 0.01 0.89 0.05875 0.8908333333333334 0.0675 0.8816666666666667 0.06875 0.8791666666666667 0.085 0.8716666666666667 0.08375 0.865 0.14875 0.8533333333333334 0.16625 0.855 0.18375 0.8316666666666667 0.23625 0.835 0.28625 0.85 0.30375 0.8525 0.32 0.8558333333333333 0.315 0.8666666666666667 0.33125 0.8641666666666666 0.3375 0.8591666666666666 0.33 0.8491666666666666 0.3525 0.8441666666666666 0.335 0.8416666666666667 0.36125 0.8475 0.3575 0.8758333333333334 0.39 0.8791666666666667 0.3825 0.8908333333333334 0.4025 0.8966666666666666 0.39125 0.9183333333333333 0.48375 0.9166666666666666 0.54875 0.91 0.55375 0.915 0.57375 0.8966666666666666 0.59125 0.9075 0.6 0.9141666666666667 0.585 0.9233333333333333 0.60125 0.955 0.58875 0.9483333333333334 0.58375
10 0.27 0.80875 0.31 0.30625 0.32416666666666666 0 0.3 0.00375 0.27666666666666667 0.38625 0.25 0.69375 0.22166666666666668 0.89875 0.22416666666666665 0.9075 0.23833333333333334 0.90875 0.27166666666666667 0.89625 0.27 0.80875
10 0.3725 0 0.33166666666666667 0.00875 0.32166666666666666 0.08375 0.31333333333333335 0.30875 0.3225 0.34 0.36333333333333334 0.35625 0.4025 0.34 0.4241666666666667 0.3475 0.4508333333333333 0.3375 0.46 0.31875 0.4633333333333333 0.28125 0.4533333333333333 0.23625 0.44166666666666665 0.21875 0.4483333333333333 0.20125 0.43166666666666664 0.18875 0.44416666666666665 0.185 0.46 0.15375 0.4583333333333333 0.14375 0.4766666666666667 0.13125 0.47833333333333333 0.09125 0.49166666666666664 0.08875 0.49833333333333335 0.03875 0.515 0.00875 0.5108333333333334 0 0.3725 0
10 0.19333333333333333 0.52125 0.19 0.36875 0.19833333333333333 0.29125 0.18583333333333332 0.2225 0.17666666666666667 0.24625 0.17166666666666666 0.62875 0.19 0.63625 0.185 0.56625 0.19333333333333333 0.52125
8 0.2025 0.69 0.20333333333333334 0.66375 0.19666666666666666 0.64875 0.1775 0.635 0.11583333333333333 0.64 0.10333333333333333 0.67125 0.10166666666666667 0.72125 0.10916666666666666 0.73 0.14 0.72875 0.17083333333333334 0.72 0.2025 0.69
8 0.12583333333333332 0.37 0.13166666666666665 0.36125 0.12833333333333333 0.33625 0.11416666666666667 0.3225 0.08583333333333333 0.33 0.058333333333333334 0.38375 0.056666666666666664 0.39125 0.06333333333333334 0.39375 0.08583333333333333 0.3925 0.12583333333333332 0.37
8 0.24583333333333332 0.485 0.2175 0.4775 0.19833333333333333 0.50125 0.18666666666666668 0.55375 0.18833333333333332 0.60125 0.20916666666666667 0.6475 0.24833333333333332 0.66375 0.2633333333333333 0.50625 0.24583333333333332 0.485
8 0.4025 0.62 0.43916666666666665 0.62 0.4841666666666667 0.545 0.5008333333333334 0.5375 0.51 0.52125 0.5166666666666667 0.50125 0.515 0.46625 0.5016666666666667 0.42875 0.4841666666666667 0.405 0.44583333333333336 0.4 0.4091666666666667 0.4325 0.35083333333333333 0.4525 0.32916666666666666 0.47 0.29833333333333334 0.52125 0.28833333333333333 0.60375 0.2925 0.6325 0.3375 0.625 0.38333333333333336 0.64125 0.3958333333333333 0.64 0.4025 0.62
8 0.1675 0.635 0.17 0.60875 0.1425 0.59 0.11416666666666667 0.5925 0.09666666666666666 0.62875 0.09833333333333333 0.65375 0.10666666666666667 0.65875 0.1225 0.635 0.1675 0.635
8 0.6341666666666667 0.6525 0.6366666666666667 0.60625 0.625 0.56375 0.6008333333333333 0.5425 0.5558333333333333 0.5325 0.5141666666666667 0.5325 0.48583333333333334 0.5475 0.475 0.56875 0.45 0.68375 0.4658333333333333 0.695 0.5216666666666666 0.69375 0.5658333333333333 0.685 0.6341666666666667 0.6525
8 0.49666666666666665 0.78625 0.4875 0.7725 0.42916666666666664 0.7925 0.4125 0.8125 0.3958333333333333 0.815 0.36666666666666664 0.85625 0.37416666666666665 0.8675 0.4583333333333333 0.88875 0.5116666666666667 0.87125 0.49666666666666665 0.78625
8 0.7033333333333334 0.62625 0.6975 0.595 0.6841666666666667 0.5875 0.6591666666666667 0.595 0.625 0.68375 0.6275 0.695 0.6616666666666666 0.69375 0.6966666666666667 0.68375 0.7033333333333334 0.62625
8 0.5925 0.4575 0.5541666666666667 0.465 0.5316666666666666 0.50875 0.5391666666666667 0.53 0.6133333333333333 0.54375 0.62 0.49375 0.5925 0.4575
8 0.5733333333333334 0.45375 0.57 0.41875 0.5508333333333333 0.3825 0.5008333333333334 0.38 0.51 0.41375 0.5066666666666667 0.43875 0.5166666666666667 0.47125 0.5183333333333333 0.50875 0.53 0.51375 0.5475 0.47 0.5733333333333334 0.45375
8 0.6016666666666667 0.41625 0.59 0.36125 0.5775 0.3425 0.5108333333333334 0.33 0.485 0.34875 0.4875 0.36 0.5108333333333334 0.365 0.5191666666666667 0.38 0.5525 0.3825 0.5683333333333334 0.40875 0.5733333333333334 0.44375 0.5825 0.455 0.5966666666666667 0.45375 0.605 0.44375 0.6016666666666667 0.41625
8 0.9933333333333333 0.56625 0.9691666666666666 0.5175 0.9441666666666667 0.5075 0.94 0.58625 0.9766666666666667 0.61375 0.995 0.60375 0.9933333333333333 0.56625
8 0.9158333333333334 0.51 0.8391666666666666 0.5275 0.8283333333333334 0.54125 0.83 0.55625 0.8183333333333334 0.57625 0.8291666666666667 0.605 0.9116666666666666 0.60625 0.9183333333333333 0.60125 0.9158333333333334 0.51
8 0.865 0.51875 0.865 0.50125 0.8258333333333333 0.4525 0.8083333333333333 0.46875 0.8016666666666666 0.52625 0.8075 0.5525 0.8216666666666667 0.55375 0.8358333333333333 0.53 0.865 0.51875