8 0.7425 0.4725 0.7658333333333334 0.4475 0.8208333333333333 0.44 0.84 0.41625 0.9066666666666666 0.28875 0.9033333333333333 0.24625 0.8358333333333333 0.2325 0.7491666666666666 0.2375 0.6941666666666667 0.2525 0.6408333333333334 0.285 0.6058333333333333 0.3225 0.425 0.41375 0.4475 0.4375 0.4825 0.455 0.5058333333333334 0.4925 0.5833333333333334 0.49875 0.6608333333333334 0.4675 0.7425 0.4725
8 0.6708333333333333 0.5125 0.6275 0.49 0.575 0.50375 0.5766666666666667 0.60125 0.5941666666666666 0.6275 0.6225 0.6275 0.6325 0.64 0.7083333333333334 0.64375 0.6966666666666667 0.57875 0.6708333333333333 0.5125
8 0.8458333333333333 0.4875 0.7925 0.45 0.7608333333333334 0.455 0.745 0.47625 0.745 0.51125 0.7525 0.5375 0.7908333333333334 0.5225 0.8175 0.525 0.8308333333333333 0.53 0.8416666666666667 0.55375 0.8566666666666667 0.51375 0.8458333333333333 0.4875
8 0.8275 0.6125 0.84 0.58375 0.8383333333333334 0.56375 0.8191666666666667 0.5375 0.8008333333333333 0.5375 0.7875 0.56 0.7625 0.5675 0.73 0.63625 0.7308333333333333 0.645 0.7533333333333333 0.65125 0.7941666666666667 0.62 0.8275 0.6125
8 0.7533333333333333 0.58125 0.7533333333333333 0.54875 0.7625 0.535 0.7941666666666667 0.5225 0.8141666666666667 0.525 0.8291666666666667 0.53 0.8233333333333334 0.53875 0.8391666666666666 0.5575 0.8533333333333334 0.53625 0.8533333333333334 0.49625 0.7941666666666667 0.45 0.7541666666666667 0.46 0.745 0.47625 0.7416666666666667 0.51375 0.7233333333333334 0.53875 0.72 0.58375 0.7125 0.57 0.705 0.59375 0.71 0.63125 0.7166666666666667 0.63875 0.7433333333333333 0.61125 0.7533333333333333 0.58125
8 0.8775 0.6125 0.88 0.60375 0.8508333333333333 0.5425 0.8383333333333334 0.56375 0.835 0.61125 0.86 0.61875 0.8608333333333333 0.605 0.8775 0.6125
8 0.49833333333333335 0.54375 0.49333333333333335 0.47375 0.46416666666666667 0.445 0.41583333333333333 0.42 0.3525 0.415 0.26416666666666666 0.425 0.1875 0.44 0.14916666666666667 0.475 0.12666666666666668 0.52625 0.12833333333333333 0.55125 0.13583333333333333 0.5575 0.22583333333333333 0.5525 0.25416666666666665 0.5875 0.28583333333333333 0.605 0.345 0.60875 0.4708333333333333 0.58 0.49833333333333335 0.54375
8 0.22333333333333333 0.73875 0.2175 0.575 0.14083333333333334 0.56 0.08666666666666667 0.63125 0.07833333333333334 0.67875 0.08 0.79125 0.08583333333333333 0.8 0.12333333333333334 0.79875 0.15416666666666667 0.7475 0.22333333333333333 0.73875
8 0.3416666666666667 0.67125 0.3616666666666667 0.65375 0.3125 0.62 0.29583333333333334 0.62 0.2808333333333333 0.635 0.25 0.69875 0.25916666666666666 0.7275 0.2783333333333333 0.71875 0.2825 0.76 0.30333333333333334 0.76125 0.3383333333333333 0.70375 0.3416666666666667 0.67125
8 0.5616666666666666 0.61625 0.5716666666666667 0.60375 0.565 0.55625 0.5541666666666667 0.54 0.5091666666666667 0.5375 0.5 0.54875 0.5033333333333333 0.56375 0.49666666666666665 0.58375 0.5366666666666666 0.67125 0.5433333333333333 0.67375 0.5583333333333333 0.64375 0.5616666666666666 0.61625
8 0.555 0.65625 0.5716666666666667 0.59125 0.5591666666666667 0.545 0.5091666666666667 0.5375 0.5 0.54625 0.4925 0.58 0.45666666666666667 0.59125 0.44333333333333336 0.63125 0.44333333333333336 0.65125 0.5125 0.65 0.5266666666666666 0.66375 0.5216666666666666 0.67375 0.535 0.70125 0.54 0.67625 0.555 0.65625
8 0.2175 0.795 0.225 0.77375 0.22333333333333333 0.75625 0.2175 0.7475 0.19416666666666665 0.7475 0.125 0.80625 0.14083333333333334 0.825 0.155 0.82375 0.18083333333333335 0.805 0.2175 0.795
8 0.0575 0.84 0.018333333333333333 0.84125 0.024166666666666666 0.87 0.043333333333333335 0.87375 0.06166666666666667 0.84875 0.0575 0.84