8 0.6383333333333333 0.36397984886649876 0.6333333333333333 0.336272040302267 0.6208333333333333 0.31738035264483627 0.5825 0.3022670025188917 0.5175 0.30730478589420657 0.45916666666666667 0.28211586901763225 0.3825 0.28967254408060455 0.3175 0.27204030226700254 0.21083333333333334 0.27455919395465994 0.185 0.2959697732997481 0.185 0.3211586901763224 0.19666666666666666 0.3589420654911839 0.225 0.4093198992443325 0.2375 0.4282115869017632 0.30916666666666665 0.4836272040302267 0.4175 0.5088161209068011 0.4508333333333333 0.5390428211586902 0.49083333333333334 0.5390428211586902 0.5916666666666667 0.5654911838790933 0.6483333333333333 0.4722921914357683 0.6383333333333333 0.36397984886649876
8 0.17083333333333334 0.7959697732997482 0.21583333333333332 0.7858942065491183 0.23583333333333334 0.801007556675063 0.3458333333333333 0.7884130982367759 0.35833333333333334 0.756926952141058 0.3516666666666667 0.7367758186397985 0.3616666666666667 0.7292191435768262 0.3675 0.707808564231738 0.3983333333333333 0.7090680100755667 0.4083333333333333 0.7770780856423174 0.4175 0.7808564231738035 0.44083333333333335 0.8211586901763224 0.47583333333333333 0.8287153652392947 0.49583333333333335 0.8438287153652393 0.505 0.8299748110831234 0.47 0.5982367758186398 0.4525 0.5465994962216625 0.41083333333333333 0.5088161209068011 0.37083333333333335 0.5113350125944585 0.3525 0.49370277078085645 0.32916666666666666 0.48866498740554154 0.2575 0.48866498740554154 0.21583333333333332 0.5062972292191436 0.14083333333333334 0.5692695214105793 0.1075 0.5869017632241813 0.07916666666666666 0.6347607052896725 0.0016666666666666668 0.7317380352644837 0 0.8400503778337531 0.04833333333333333 0.8476070528967254 0.0925 0.8438287153652393 0.17083333333333334 0.7959697732997482
8 0.105 0.5881612090680101 0.06916666666666667 0.5818639798488665 0.0025 0.5994962216624685 0 0.6939546599496221 0.006666666666666667 0.6939546599496221 0.0375 0.6876574307304786 0.105 0.5881612090680101
8 0.7216666666666667 0.792191435768262 0.76 0.6687657430730478 0.7633333333333333 0.48740554156171284 0.7508333333333334 0.4609571788413098 0.7291666666666666 0.44836272040302266 0.6808333333333333 0.45843828715365237 0.6475 0.4836272040302267 0.615 0.5251889168765743 0.5466666666666666 0.6763224181360201 0.52 0.7770780856423174 0.5216666666666666 0.8249370277078085 0.5341666666666667 0.836272040302267 0.6091666666666666 0.8312342569269522 0.7 0.8501259445843828 0.7133333333333334 0.8425692695214105 0.7216666666666667 0.792191435768262
8 0.6983333333333334 0.40428211586901763 0.6933333333333334 0.3589420654911839 0.6491666666666667 0.3148614609571788 0.6308333333333334 0.31738035264483627 0.6433333333333333 0.4269521410579345 0.68 0.4445843828715365 0.69 0.4345088161209068 0.6983333333333334 0.40428211586901763
8 0.545 0.6712846347607053 0.59 0.570528967254408 0.4925 0.5415617128463476 0.4575 0.5415617128463476 0.4533333333333333 0.5453400503778337 0.47333333333333333 0.6083123425692695 0.505 0.8173803526448362 0.515 0.827455919395466 0.5216666666666666 0.7544080604534005 0.545 0.6712846347607053
8 0.8291666666666667 0.5465994962216625 0.8608333333333333 0.5440806045340051 0.8633333333333333 0.535264483627204 0.8141666666666667 0.4609571788413098 0.7708333333333334 0.4181360201511335 0.7308333333333333 0.4105793450881612 0.7025 0.4181360201511335 0.6883333333333334 0.4420654911838791 0.6908333333333333 0.4534005037783375 0.7308333333333333 0.44584382871536526 0.7475 0.45591939546599497 0.7633333333333333 0.482367758186398 0.7616666666666667 0.6133501259445844 0.77 0.6183879093198993 0.8025 0.5617128463476071 0.8291666666666667 0.5465994962216625
8 0.9983333333333333 0.7947103274559194 0.9983333333333333 0.7115869017632241 0.9883333333333333 0.6410579345088161 0.98 0.6234256926952141 0.9458333333333333 0.5768261964735516 0.9358333333333333 0.5667506297229219 0.9141666666666667 0.5667506297229219 0.9025 0.5440806045340051 0.8425 0.5465994962216625 0.7941666666666667 0.5743073047858942 0.7833333333333333 0.593198992443325 0.7833333333333333 0.6687657430730478 0.7916666666666666 0.7115869017632241 0.8291666666666667 0.743073047858942 0.8558333333333333 0.7531486146095718 0.9158333333333334 0.8161209068010076 0.94 0.8249370277078085 0.9825 0.8136020151133502 0.9983333333333333 0.7947103274559194
8 0.9433333333333334 1 0.9433333333333334 0.9911838790931989 0.9125 0.9546599496221663 0.8658333333333333 0.929471032745592 0.8491666666666666 0.906801007556675 0.8175 0.8942065491183879 0.6675 0.9143576826196473 0.6083333333333333 0.9483627204030227 0.6083333333333333 0.9735516372795969 0.6208333333333333 1 0.9433333333333334 1
8 0.905 0.8047858942065491 0.8858333333333334 0.783375314861461 0.8425 0.7556675062972292 0.8091666666666667 0.760705289672544 0.8 0.7720403022670025 0.8 0.8073047858942065 0.8141666666666667 0.8236775818639799 0.8741666666666666 0.8463476070528967 0.8966666666666666 0.845088161209068 0.91 0.8299748110831234 0.905 0.8047858942065491
8 0.8758333333333334 0.8765743073047859 0.8816666666666667 0.8652392947103275 0.8675 0.8488664987405542 0.8175 0.8337531486146096 0.7866666666666666 0.8702770780856424 0.7933333333333333 0.8803526448362721 0.8108333333333333 0.871536523929471 0.8758333333333334 0.8765743073047859
8 1 0.3589420654911839 0.9658333333333333 0.37279596977329976 0.9516666666666667 0.36397984886649876 0.955 0.35642317380352645 0.9408333333333333 0.33249370277078083 0.9191666666666667 0.33753148614609574 0.9116666666666666 0.43198992443324935 0.9 0.482367758186398 0.9033333333333333 0.5327455919395466 1 0.5453400503778337 1 0.3589420654911839
8 0.8025 0.33753148614609574 0.795 0.3614609571788413 0.7766666666666666 0.38161209068010077 0.825 0.4244332493702771 0.8233333333333334 0.353904282115869 0.8025 0.33753148614609574
8 0.8766666666666667 0.4445843828715365 0.8783333333333333 0.43198992443324935 0.86 0.42191435768261965 0.8525 0.3904282115869018 0.8291666666666667 0.3904282115869018 0.8216666666666667 0.34886649874055414 0.8025 0.33753148614609574 0.795 0.3614609571788413 0.7783333333333333 0.37405541561712846 0.7733333333333333 0.4168765743073048 0.825 0.46977329974811083 0.8608333333333333 0.4609571788413098 0.8766666666666667 0.4445843828715365
8 0.7575 0.38287153652392947 0.7316666666666667 0.3891687657430731 0.7358333333333333 0.4156171284634761 0.7716666666666666 0.4168765743073048 0.7716666666666666 0.3967254408060453 0.7575 0.38287153652392947