8 0.39166666666666666 0.79125 0.3475 0.7575 0.3175 0.7575 0.3416666666666667 0.86625 0.38666666666666666 0.87625 0.39666666666666667 0.85375 0.39166666666666666 0.79125
8 0.355 0.98125 0.3416666666666667 0.91625 0.33666666666666667 0.83875 0.305 0.72375 0.2941666666666667 0.705 0.0825 0.725 0 0.74625 0.0008333333333333334 0.9975 0.345 1 0.355 0.99625 0.355 0.98125
8 0.5216666666666666 1 0.5283333333333333 0.93625 0.5183333333333333 0.81375 0.505 0.75375 0.4775 0.7325 0.42916666666666664 0.72 0.36916666666666664 0.7275 0.37166666666666665 0.77125 0.38416666666666666 0.7775 0.39166666666666666 0.79625 0.395 0.86125 0.38416666666666666 0.875 0.345 0.85875 0.345 0.92125 0.35833333333333334 0.99375 0.3908333333333333 1 0.5216666666666666 1
8 0.3933333333333333 0.80125 0.39 0.78625 0.37333333333333335 0.77125 0.37 0.71875 0.3525 0.7075 0.31583333333333335 0.7075 0.31 0.71875 0.31166666666666665 0.75125 0.33 0.80125 0.3433333333333333 0.87125 0.38166666666666665 0.87875 0.395 0.86125 0.3933333333333333 0.80125
8 0.21416666666666667 0.6825 0.15916666666666668 0.68 0.155 0.71375 0.17166666666666666 0.71625 0.255 0.70125 0.21416666666666667 0.6825
8 0 0.74125 0.006666666666666667 0.74125 0.15166666666666667 0.71125 0.13416666666666666 0.71 0.12916666666666668 0.695 0.11416666666666667 0.69 0.035833333333333335 0.68 0 0.71625 0 0.74125
8 0.6683333333333333 1 0.675 0.98625 0.6816666666666666 0.90125 0.675 0.85125 0.6675 0.84 0.6241666666666666 0.825 0.5841666666666666 0.79 0.5691666666666667 0.795 0.5691666666666667 0.8025 0.5308333333333334 0.7875 0.5166666666666667 0.79125 0.5283333333333333 0.92625 0.5275 1 0.6683333333333333 1
8 0.8483333333333334 0.85875 0.8091666666666667 0.8175 0.7475 0.7775 0.5808333333333333 0.7175 0.48083333333333333 0.715 0.465 0.72375 0.5008333333333334 0.745 0.51 0.77125 0.5258333333333334 0.7875 0.5591666666666667 0.7975 0.5825 0.785 0.6208333333333333 0.8175 0.6475 0.8025 0.7125 0.815 0.7341666666666666 0.8325 0.7525 0.8675 0.7925 0.9025 0.8283333333333334 0.90125 0.8466666666666667 0.88625 0.8483333333333334 0.85875
8 0.8133333333333334 1 0.785 0.89375 0.7458333333333333 0.86 0.7241666666666666 0.8225 0.6825 0.8125 0.6233333333333333 0.81875 0.6675 0.8375 0.6766666666666666 0.85125 0.6858333333333333 0.9075 0.7391666666666666 0.95 0.7825 1 0.8133333333333334 1
8 0.78 1 0.7358333333333333 0.9475 0.6816666666666666 0.90875 0.6708333333333333 1 0.78 1
8 0.9733333333333334 1 0.9725 0.98 0.9075 0.94 0.8991666666666667 0.9225 0.8575 0.94 0.8408333333333333 0.9675 0.8133333333333334 0.98375 0.8208333333333333 1 0.9733333333333334 1
8 0.8466666666666667 0.95125 0.8208333333333333 0.9375 0.8008333333333333 0.9425 0.8133333333333334 0.98125 0.8408333333333333 0.9675 0.8466666666666667 0.95125
8 0.8625 0.9025 0.79 0.90875 0.8008333333333333 0.945 0.8175 0.9375 0.8483333333333334 0.95125 0.865 0.91875 0.8625 0.9025
8 1 0.76375 0.9266666666666666 0.69125 0.9216666666666666 0.63125 0.91 0.60375 0.8975 0.5875 0.7675 0.5325 0.7208333333333333 0.5 0.6908333333333333 0.4925 0.6675 0.5075 0.66 0.54875 0.6433333333333333 0.57375 0.61 0.66625 0.605 0.68875 0.6083333333333333 0.72125 0.7508333333333334 0.7775 0.8091666666666667 0.815 0.8483333333333334 0.85375 0.8483333333333334 0.89625 0.8666666666666667 0.90625 0.8675 0.9325 0.8991666666666667 0.9225 0.9275 0.95 0.9566666666666667 0.96125 0.975 0.94375 0.9791666666666666 0.9225 1 0.92375 1 0.76375
8 0.8558333333333333 0.4675 0.8258333333333333 0.4775 0.7783333333333333 0.53125 0.8575 0.575 0.9 0.58625 0.8933333333333333 0.54875 0.8558333333333333 0.4675
8 0.9583333333333334 0.66875 0.9533333333333334 0.65375 0.9408333333333333 0.64 0.9241666666666667 0.6375 0.9266666666666666 0.68875 0.9683333333333334 0.72625 0.955 0.69875 0.9583333333333334 0.66875
8 1 0.48125 0.9891666666666666 0.47 0.9708333333333333 0.4725 0.9558333333333333 0.4575 0.9058333333333334 0.4475 0.8758333333333334 0.475 0.8683333333333333 0.49375 0.9233333333333333 0.63125 0.955 0.65625 0.9566666666666667 0.69875 0.9666666666666667 0.71125 1 0.69625 1 0.48125