8 0.765 0.755192878338279 0.76 0.701780415430267 0.7533333333333333 0.6750741839762612 0.7158333333333333 0.6231454005934718 0.6175 0.6261127596439169 0.5325 0.6439169139465876 0.4575 0.685459940652819 0.44166666666666665 0.7195845697329377 0.44166666666666665 0.7492581602373887 0.4691666666666667 0.7893175074183977 0.5758333333333333 0.913946587537092 0.6441666666666667 0.9762611275964391 0.7091666666666666 0.9673590504451038 0.7508333333333334 1 0.7983333333333333 0.9985163204747775 0.8066666666666666 0.9391691394658753 0.765 0.755192878338279
8 0.6183333333333333 0.5741839762611276 0.6016666666666667 0.5474777448071216 0.5666666666666667 0.3694362017804154 0.53 0.30712166172106825 0.5025 0.22551928783382788 0.4675 0.20178041543026706 0.4375 0.20474777448071216 0.3875 0.23738872403560832 0.3416666666666667 0.30118694362017806 0.325 0.38130563798219586 0.32 0.4821958456973294 0.325 0.5356083086053413 0.3491666666666667 0.5934718100890207 0.36916666666666664 0.6142433234421365 0.41583333333333333 0.6320474777448071 0.43916666666666665 0.6172106824925816 0.5866666666666667 0.6305637982195845 0.6191666666666666 0.6112759643916914 0.6183333333333333 0.5741839762611276
8 0.7516666666666667 0.5919881305637982 0.7483333333333333 0.5059347181008902 0.7083333333333334 0.36053412462908013 0.6525 0.2997032640949555 0.6125 0.29673590504451036 0.5791666666666667 0.31750741839762614 0.5716666666666667 0.33382789317507416 0.5733333333333334 0.38724035608308605 0.6316666666666667 0.615727002967359 0.6408333333333334 0.6261127596439169 0.7125 0.6201780415430267 0.755 0.6661721068249258 0.7583333333333333 0.6186943620178041 0.7516666666666667 0.5919881305637982
8 0.8958333333333334 0.7537091988130564 0.9108333333333334 0.7537091988130564 0.9541666666666667 0.8189910979228486 0.9666666666666667 0.7908011869436202 0.97 0.7611275964391692 0.9666666666666667 0.7047477744807121 0.9583333333333334 0.6780415430267063 0.8958333333333334 0.6468842729970327 0.7991666666666667 0.7329376854599406 0.7966666666666666 0.787833827893175 0.8166666666666667 0.870919881305638 0.825 0.8798219584569733 0.8566666666666667 0.7967359050445104 0.8958333333333334 0.7537091988130564
8 0.7933333333333333 0.7344213649851632 0.7875 0.7210682492581603 0.7675 0.7240356083086054 0.7683333333333333 0.7670623145400594 0.7833333333333333 0.7997032640949555 0.7966666666666666 0.7848664688427299 0.7933333333333333 0.7344213649851632
8 0.9483333333333334 0.8976261127596439 0.95 0.8293768545994066 0.9416666666666667 0.8026706231454006 0.9091666666666667 0.7537091988130564 0.8908333333333334 0.7566765578635015 0.8583333333333333 0.7937685459940653 0.8133333333333334 0.93026706231454 0.8133333333333334 0.9510385756676558 0.8325 0.9970326409495549 0.8816666666666667 0.9985163204747775 0.9241666666666667 0.9762611275964391 0.9483333333333334 0.8976261127596439
8 0.7941666666666667 0.7922848664688428 0.78 0.8056379821958457 0.81 0.9391691394658753 0.8216666666666667 0.8857566765578635 0.7941666666666667 0.7922848664688428
8 0.9933333333333333 0.9035608308605341 0.9775 0.887240356083086 0.9591666666666666 0.8902077151335311 0.945 0.9094955489614244 0.9283333333333333 0.9629080118694362 0.9316666666666666 0.9718100890207715 0.9958333333333333 0.9376854599406528 0.9933333333333333 0.9035608308605341
8 0.9683333333333334 0.7344213649851632 0.9683333333333334 0.787833827893175 0.9516666666666667 0.8264094955489614 0.95 0.8946587537091988 0.9775 0.887240356083086 0.995 0.9065281899109793 1 0.93026706231454 0.9975 0.7091988130563798 0.9683333333333334 0.7344213649851632
8 0.9991666666666666 0.9376854599406528 0.9525 0.9584569732937686 0.9033333333333333 0.9985163204747775 0.9733333333333334 1 1 0.9985163204747775 0.9991666666666666 0.9376854599406528
8 0.6725 0.973293768545994 0.6383333333333333 0.9985163204747775 0.74 1 0.7075 0.9673590504451038 0.6725 0.973293768545994
8 0.4475 1 0.4575 0.9881305637982196 0.4975 1 0.5933333333333334 0.9985163204747775 0.5058333333333334 0.8486646884272997 0.44083333333333335 0.7566765578635015 0.38416666666666666 0.7091988130563798 0.3458333333333333 0.7151335311572701 0.325 0.7640949554896143 0.30333333333333334 0.8471810089020771 0.29833333333333334 0.9035608308605341 0.3308333333333333 0.9851632047477745 0.3491666666666667 0.9703264094955489 0.37583333333333335 0.9703264094955489 0.41083333333333333 1 0.4475 1
8 0.305 0.9243323442136498 0.25916666666666666 0.857566765578635 0.2375 0.8100890207715133 0.1325 0.6884272997032641 0 0.5712166172106825 0.0008333333333333334 1 0.32 0.9985163204747775 0.3233333333333333 0.9718100890207715 0.305 0.9243323442136498
8 0.29333333333333333 0.6869436201780416 0.26416666666666666 0.6172106824925816 0.2525 0.6172106824925816 0.20583333333333334 0.5400593471810089 0.13416666666666666 0.4599406528189911 0.1075 0.44807121661721067 0.060833333333333336 0.44807121661721067 0.029166666666666667 0.42729970326409494 0.015 0.43471810089020774 0.021666666666666667 0.5029673590504451 0.018333333333333333 0.5652818991097923 0.024166666666666666 0.5845697329376854 0.08916666666666667 0.655786350148368 0.12916666666666668 0.6824925816023739 0.23916666666666667 0.8100890207715133 0.2758333333333333 0.8813056379821959 0.29333333333333333 0.8916913946587537 0.30666666666666664 0.8264094955489614 0.29333333333333333 0.6869436201780416
8 0.3383333333333333 0.7255192878338279 0.36666666666666664 0.6958456973293768 0.36666666666666664 0.6275964391691394 0.31416666666666665 0.56973293768546 0.2658333333333333 0.5489614243323442 0.20083333333333334 0.49851632047477745 0.17416666666666666 0.49851632047477745 0.23583333333333334 0.5934718100890207 0.27 0.6216617210682492 0.29833333333333334 0.6988130563798219 0.29833333333333334 0.7581602373887241 0.31 0.8086053412462908 0.31333333333333335 0.7818991097922848 0.3383333333333333 0.7255192878338279
8 0.0008333333333333334 0.3026706231454006 0 0.5652818991097923 0.015 0.5712166172106825 0.02 0.4940652818991098 0.0008333333333333334 0.3026706231454006