8 0.6341666666666667 0.7791878172588832 0.7358333333333333 0.7639593908629442 0.7433333333333333 0.7474619289340102 0.7208333333333333 0.7131979695431472 0.6575 0.6776649746192893 0.6358333333333334 0.6522842639593909 0.5141666666666667 0.649746192893401 0.4741666666666667 0.6776649746192893 0.4583333333333333 0.699238578680203 0.4033333333333333 0.8312182741116751 0.4075 0.8426395939086294 0.445 0.8439086294416244 0.5208333333333334 0.8350253807106599 0.6341666666666667 0.7791878172588832
8 0.4925 0.5431472081218274 0.44583333333333336 0.5431472081218274 0.4225 0.5609137055837563 0.41 0.5824873096446701 0.4033333333333333 0.6104060913705583 0.41 0.6154822335025381 0.52 0.5571065989847716 0.4925 0.5431472081218274
8 0.645 0.6357868020304569 0.6225 0.6065989847715736 0.5941666666666666 0.5964467005076142 0.5691666666666667 0.5710659898477157 0.5341666666666667 0.565989847715736 0.5291666666666667 0.5532994923857868 0.46 0.5926395939086294 0.5125 0.5989847715736041 0.5525 0.5888324873096447 0.6075 0.6243654822335025 0.6116666666666667 0.6408629441624365 0.6183333333333333 0.6408629441624365 0.6225 0.631979695431472 0.645 0.6357868020304569
8 0.48583333333333334 0.6725888324873096 0.4875 0.6624365482233503 0.5258333333333334 0.6446700507614214 0.6041666666666666 0.6548223350253807 0.61 0.6484771573604061 0.6066666666666667 0.6281725888324873 0.5591666666666667 0.5913705583756346 0.4525 0.5964467005076142 0.4075 0.6192893401015228 0.375 0.666243654822335 0.3616666666666667 0.7068527918781726 0.3825 0.7715736040609137 0.41833333333333333 0.7880710659898477 0.465 0.6865482233502538 0.48583333333333334 0.6725888324873096
8 0.7008333333333333 0.5964467005076142 0.7175 0.5862944162436549 0.7391666666666666 0.5862944162436549 0.7575 0.6091370558375635 0.7791666666666667 0.5964467005076142 0.795 0.5596446700507615 0.7883333333333333 0.5038071065989848 0.7058333333333333 0.44416243654822335 0.6625 0.37055837563451777 0.6391666666666667 0.350253807106599 0.5841666666666666 0.3223350253807107 0.5258333333333334 0.33248730964467005 0.5133333333333333 0.35406091370558374 0.49833333333333335 0.4098984771573604 0.5 0.45558375634517767 0.51 0.4885786802030457 0.5841666666666666 0.583756345177665 0.6258333333333334 0.6040609137055838 0.6475 0.631979695431472 0.6616666666666666 0.6357868020304569 0.6858333333333333 0.6218274111675127 0.7008333333333333 0.5964467005076142
8 0.7616666666666667 0.618020304568528 0.7308333333333333 0.583756345177665 0.7025 0.5964467005076142 0.665 0.6484771573604061 0.6925 0.6903553299492385 0.72 0.7017766497461929 0.7683333333333333 0.666243654822335 0.7616666666666667 0.618020304568528
8 0.7858333333333334 0.7208121827411168 0.7991666666666667 0.7258883248730964 0.8441666666666666 0.7106598984771574 0.8533333333333334 0.699238578680203 0.8633333333333333 0.6586294416243654 0.8341666666666666 0.6345177664974619 0.7691666666666667 0.6294416243654822 0.7683333333333333 0.6687817258883249 0.7358333333333333 0.6852791878172588 0.72 0.7093908629441624 0.7441666666666666 0.7436548223350253 0.7733333333333333 0.7449238578680203 0.7833333333333333 0.7373096446700508 0.7858333333333334 0.7208121827411168
8 0.9416666666666667 0.5545685279187818 0.9383333333333334 0.5342639593908629 0.9175 0.5177664974619289 0.9083333333333333 0.5444162436548223 0.9066666666666666 0.5901015228426396 0.9158333333333334 0.6091370558375635 0.9316666666666666 0.6104060913705583 0.94 0.5926395939086294 0.9416666666666667 0.5545685279187818
8 0.9975 0.5406091370558376 0.9925 0.550761421319797 0.9675 0.5558375634517766 0.9566666666666667 0.5926395939086294 0.9625 0.6218274111675127 0.985 0.6230964467005076 1 0.5951776649746193 0.9975 0.5406091370558376
8 0.8291666666666667 0.5685279187817259 0.795 0.5621827411167513 0.7891666666666667 0.5939086294416244 0.8183333333333334 0.5926395939086294 0.8333333333333334 0.5799492385786802 0.8291666666666667 0.5685279187817259
8 0.8291666666666667 0.5203045685279187 0.795 0.5215736040609137 0.7975 0.5609137055837563 0.8141666666666667 0.5609137055837563 0.8366666666666667 0.5774111675126904 0.8383333333333334 0.5571065989847716 0.8291666666666667 0.5203045685279187
8 0.33166666666666667 0.6738578680203046 0.3408333333333333 0.6624365482233503 0.3541666666666667 0.6624365482233503 0.37166666666666665 0.6154822335025381 0.36333333333333334 0.5723350253807107 0.3375 0.5456852791878173 0.3025 0.550761421319797 0.2675 0.5812182741116751 0.24333333333333335 0.6459390862944162 0.24833333333333332 0.6814720812182741 0.29833333333333334 0.7398477157360406 0.33 0.7093908629441624 0.33166666666666667 0.6738578680203046
8 0.44 0.5444162436548223 0.4175 0.5203045685279187 0.3875 0.5279187817258884 0.36666666666666664 0.567258883248731 0.37166666666666665 0.5875634517766497 0.38166666666666665 0.5901015228426396 0.41083333333333333 0.5786802030456852 0.44 0.5444162436548223
8 0.4091666666666667 0.5786802030456852 0.37333333333333335 0.5951776649746193 0.365 0.6383248730964467 0.365 0.6510152284263959 0.37 0.6510152284263959 0.40166666666666667 0.6256345177664975 0.4091666666666667 0.5786802030456852
8 0.3433333333333333 0.8515228426395939 0.35 0.8236040609137056 0.3175 0.7918781725888325 0.29083333333333333 0.7944162436548223 0.22 0.8870558375634517 0.23166666666666666 0.8921319796954315 0.32916666666666666 0.8654822335025381 0.3433333333333333 0.8515228426395939
8 0.20166666666666666 0.7423857868020305 0.19083333333333333 0.6928934010152284 0.17666666666666667 0.7043147208121827 0.16166666666666665 0.7550761421319797 0.15833333333333333 0.8083756345177665 0.16666666666666666 0.8210659898477157 0.20166666666666666 0.7855329949238579 0.20166666666666666 0.7423857868020305
8 0.22416666666666665 0.8045685279187818 0.2675 0.7868020304568528 0.2841666666666667 0.7893401015228426 0.3 0.7677664974619289 0.29833333333333334 0.7525380710659898 0.24666666666666667 0.6814720812182741 0.23916666666666667 0.649746192893401 0.19916666666666666 0.649746192893401 0.18333333333333332 0.6713197969543148 0.185 0.6890862944162437 0.16 0.7626903553299492 0.15666666666666668 0.8058375634517766 0.1625 0.8197969543147208 0.17166666666666666 0.8185279187817259 0.1975 0.7944162436548223 0.22416666666666665 0.8045685279187818
8 0.155 0.7626903553299492 0.1375 0.7385786802030457 0.1125 0.733502538071066 0.08333333333333333 0.7982233502538071 0.08916666666666667 0.8096446700507615 0.12333333333333334 0.8134517766497462 0.15166666666666667 0.8032994923857868 0.155 0.7626903553299492
8 0.16083333333333333 0.6954314720812182 0.145 0.7144670050761421 0.14 0.7398477157360406 0.15666666666666668 0.7474619289340102 0.18083333333333335 0.6928934010152284 0.16083333333333333 0.6954314720812182
8 0.13916666666666666 0.7385786802030457 0.15416666666666667 0.7055837563451777 0.1775 0.700507614213198 0.18 0.6865482233502538 0.15416666666666667 0.6751269035532995 0.0825 0.6954314720812182 0.03 0.7398477157360406 0.0475 0.7639593908629442 0.06166666666666667 0.7626903553299492 0.1175 0.7309644670050761 0.13916666666666666 0.7385786802030457
10 0.21583333333333332 0.4543147208121827 0.22666666666666666 0.47081218274111675 0.22833333333333333 0.5088832487309645 0.24666666666666667 0.5088832487309645 0.25666666666666665 0.47081218274111675 0.25833333333333336 0.42258883248730966 0.275 0.366751269035533 0.27666666666666667 0.32614213197969544 0.27 0.2626903553299492 0.22833333333333333 0.17385786802030456 0.24 0.16878172588832488 0.21916666666666668 0.1649746192893401 0.21083333333333334 0.14213197969543148 0.2 0.1383248730964467 0.20416666666666666 0.12944162436548223 0.21166666666666667 0.13324873096446702 0.20916666666666667 0.11928934010152284 0.19666666666666666 0.11294416243654823 0.20916666666666667 0.1116751269035533 0.205 0.10279187817258884 0.21 0.09771573604060914 0.2 0.0901015228426396 0.20333333333333334 0.07233502538071065 0.1925 0.06852791878172589 0.18166666666666667 0.04187817258883249 0.18666666666666668 0.03426395939086294 0.17666666666666667 0.031725888324873094 0.18 0.006345177664974619 0.16916666666666666 0.005076142131979695 0.16583333333333333 0.02284263959390863 0.155 0.01903553299492386 0.15416666666666667 0.0025380710659898475 0.0008333333333333334 0.007614213197969543 0.0033333333333333335 0.3286802030456853 0.04416666666666667 0.3553299492385787 0.0675 0.3223350253807107 0.07 0.37944162436548223 0.07916666666666666 0.4137055837563452 0.08583333333333333 0.39847715736040606 0.09916666666666667 0.3934010152284264 0.12583333333333332 0.34517766497461927 0.14083333333333334 0.350253807106599 0.16333333333333333 0.38451776649746194 0.16833333333333333 0.44543147208121825 0.18083333333333335 0.46446700507614214 0.195 0.4682741116751269 0.19166666666666668 0.5139593908629442 0.2 0.5190355329949239 0.2 0.4733502538071066 0.21583333333333332 0.4543147208121827
10 0.13416666666666666 0 0.0875 0.01015228426395939 0.085 0.024111675126903553 0.09833333333333333 0.04187817258883249 0.09333333333333334 0.04949238578680203 0.11083333333333334 0.08629441624365482 0.1375 0.10152284263959391 0.13166666666666665 0.11040609137055837 0.15416666666666667 0.13959390862944163 0.18916666666666668 0.14974619289340102 0.18916666666666668 0.15736040609137056 0.21583333333333332 0.1700507614213198 0.28 0.27284263959390864 0.29 0.3362944162436548 0.32 0.3743654822335025 0.3283333333333333 0.4073604060913706 0.32 0.45558375634517767 0.3233333333333333 0.5393401015228426 0.36333333333333334 0.5621827411167513 0.3933333333333333 0.4352791878172589 0.44666666666666666 0.38451776649746194 0.4633333333333333 0.31852791878172587 0.48 0.2880710659898477 0.475 0.282994923857868 0.48 0.2652284263959391 0.47333333333333333 0.25761421319796957 0.47833333333333333 0.25253807106598986 0.4766666666666667 0.1865482233502538 0.48833333333333334 0.1814720812182741 0.49583333333333335 0.1548223350253807 0.5025 0.15736040609137056 0.5291666666666667 0.12690355329949238 0.535 0.13324873096446702 0.5466666666666666 0.07233502538071065 0.5233333333333333 0.013959390862944163 0.4975 0 0.13416666666666666 0
10 0.7925 0.3934010152284264 0.8133333333333334 0.35913705583756345 0.8133333333333334 0.34390862944162437 0.79 0.2703045685279188 0.79 0.25253807106598986 0.7633333333333333 0.25761421319796957 0.765 0.23223350253807107 0.7733333333333333 0.2296954314720812 0.7666666666666667 0.15609137055837563 0.7616666666666667 0.13324873096446702 0.7466666666666667 0.11548223350253807 0.74 0.0901015228426396 0.745 0.07233502538071065 0.7366666666666667 0.06725888324873096 0.7416666666666667 0.04949238578680203 0.73 0.031725888324873094 0.7408333333333333 0.030456852791878174 0.7433333333333333 0.011421319796954314 0.6725 0 0.6408333333333334 0.007614213197969543 0.6275 0.02030456852791878 0.6041666666666666 0.017766497461928935 0.5983333333333334 0.024111675126903553 0.6033333333333334 0.044416243654822336 0.5916666666666667 0.05964467005076142 0.5916666666666667 0.07487309644670051 0.6066666666666667 0.08756345177664974 0.6 0.10532994923857868 0.61 0.09771573604060914 0.6125 0.08375634517766498 0.6158333333333333 0.10152284263959391 0.6208333333333333 0.09898477157360407 0.6241666666666666 0.1116751269035533 0.6275 0.10152284263959391 0.6366666666666667 0.11548223350253807 0.605 0.13324873096446702 0.5883333333333334 0.17385786802030456 0.5633333333333334 0.20431472081218274 0.5583333333333333 0.217005076142132 0.5616666666666666 0.2398477157360406 0.5658333333333333 0.2512690355329949 0.6041666666666666 0.2639593908629442 0.6541666666666667 0.3096446700507614 0.6566666666666666 0.3489847715736041 0.6716666666666666 0.3616751269035533 0.6816666666666666 0.39213197969543145 0.7016666666666667 0.4073604060913706 0.7175 0.44923857868020306 0.7483333333333333 0.46573604060913704 0.7566666666666667 0.4302030456852792 0.7925 0.3934010152284264
10 1 0.006345177664974619 0.7491666666666666 0 0.7466666666666667 0.008883248730964468 0.7733333333333333 0.06218274111675127 0.7766666666666666 0.1916243654822335 0.8216666666666667 0.36421319796954316 0.8383333333333334 0.5748730964467005 0.8633333333333333 0.6484771573604061 0.8908333333333334 0.6802030456852792 0.9033333333333333 0.6814720812182741 0.9133333333333333 0.666243654822335 0.905 0.6078680203045685 0.9116666666666666 0.5266497461928934 0.9491666666666667 0.46446700507614214 1 0.40482233502538073 1 0.13071065989847716 0.9891666666666666 0.14974619289340102 0.9825 0.13705583756345177 0.9625 0.1446700507614213 0.9566666666666667 0.15609137055837563 0.96 0.16878172588832488 0.9441666666666667 0.20558375634517767 0.9383333333333334 0.2017766497461929 0.9333333333333333 0.16116751269035534 0.9383333333333334 0.11040609137055837 0.9691666666666666 0.07106598984771574 0.9891666666666666 0.07106598984771574 1 0.11548223350253807 1 0.006345177664974619