8 0.7091666666666666 0.755 0.7233333333333334 0.74375 0.7166666666666667 0.46625 0.7016666666666667 0.41375 0.6225 0.345 0.5858333333333333 0.33 0.5158333333333334 0.335 0.4741666666666667 0.3625 0.43833333333333335 0.43625 0.43666666666666665 0.45625 0.48333333333333334 0.52875 0.5066666666666667 0.58125 0.505 0.72375 0.5125 0.7375 0.5541666666666667 0.75 0.6383333333333333 0.75625 0.6741666666666667 0.7475 0.7091666666666666 0.755
8 0.2708333333333333 0.3275 0.26 0.32875 0.25666666666666665 0.38375 0.25333333333333335 0.55875 0.25833333333333336 0.56625 0.2733333333333333 0.46625 0.2708333333333333 0.3275
8 0.5033333333333333 0.71875 0.505 0.58125 0.4816666666666667 0.53125 0.4375 0.465 0.39416666666666667 0.4175 0.41 0.71125 0.475 0.74125 0.4975 0.7325 0.5033333333333333 0.71875
8 0.3616666666666667 0.36875 0.3475 0.35 0.30416666666666664 0.34 0.295 0.52125 0.2733333333333333 0.68125 0.37333333333333335 0.70375 0.375 0.57375 0.3616666666666667 0.36875
8 0.16333333333333333 0.44875 0.1275 0.3475 0.09583333333333334 0.3725 0.07833333333333334 0.40875 0.07166666666666667 0.44375 0.07 0.53625 0.09333333333333334 0.62875 0.1325 0.7025 0.19 0.70125 0.19333333333333333 0.68375 0.16333333333333333 0.44875
10 0.8041666666666667 0 0.8033333333333333 0.03375 0.835 0.28125 0.865 0.87125 0.9233333333333333 0.88875 0.8966666666666666 0.50125 0.915 0.15875 0.9083333333333333 0.00625 0.88 0.00375 0.8883333333333333 0.15375 0.8758333333333334 0.3075 0.855 0.13375 0.8566666666666667 0.00625 0.8341666666666666 0 0.8275 0.0325 0.8208333333333333 0 0.8041666666666667 0
10 0.6825 0 0.6666666666666666 0.01875 0.6816666666666666 0.04625 0.685 0.13125 0.7016666666666667 0.21125 0.7183333333333334 0.37125 0.7166666666666667 0.50625 0.7266666666666667 0.79625 0.7233333333333334 0.89125 0.7408333333333333 0.915 0.7733333333333333 0.91875 0.8033333333333333 0.89875 0.785 0.75375 0.7816666666666666 0.00375 0.7416666666666667 0.00125 0.7375 0.13 0.7266666666666667 0.01875 0.7175 0 0.6825 0
10 0.835 0.59625 0.7858333333333334 0.3975 0.785 0.47125 0.8083333333333333 0.60125 0.8083333333333333 0.66625 0.7933333333333333 0.75625 0.8033333333333333 0.80625 0.83 0.81125 0.8383333333333334 0.80625 0.835 0.59625
10 1 0.35625 0.9625 0.3525 0.94 0.39875 0.9366666666666666 0.41625 0.945 0.43625 0.925 0.47375 0.925 0.51875 0.9341666666666667 0.545 0.9575 0.5575 0.9616666666666667 0.55125 0.9566666666666667 0.57875 0.96 0.60875 0.9666666666666667 0.61625 0.9633333333333334 0.66125 0.975 0.67125 0.9808333333333333 0.6925 0.9866666666666667 0.69125 0.9925 0.675 1 0.67625 1 0.35625
10 0.7066666666666667 0.36625 0.645 0.17625 0.6316666666666667 0.15875 0.6033333333333334 0.04625 0.5866666666666667 0.00375 0.5741666666666667 0 0.63 0.19625 0.72 0.46625 0.72 0.42875 0.7066666666666667 0.36625
10 0.5816666666666667 0.28375 0.5558333333333333 0.26 0.5316666666666666 0.20875 0.5066666666666667 0.08625 0.5016666666666667 0.00375 0.49583333333333335 0 0.5 0.10125 0.5266666666666666 0.22875 0.54 0.26125 0.5833333333333334 0.31625 0.5883333333333334 0.30125 0.5816666666666667 0.28375
10 0.36916666666666664 0 0.36333333333333334 0.05375 0.3541666666666667 0.065 0.335 0.02125 0.33 0.02375 0.3283333333333333 0.07875 0.345 0.16125 0.34833333333333333 0.24625 0.3616666666666667 0.33875 0.375 0.54375 0.37666666666666665 0.69375 0.3858333333333333 0.71 0.4083333333333333 0.71375 0.3883333333333333 0.34375 0.40166666666666667 0.28125 0.405 0.16625 0.425 0.04625 0.4166666666666667 0.00125 0.4025 0 0.4 0.08625 0.39 0.13875 0.36833333333333335 0.13125 0.39 0.16625 0.38666666666666666 0.25625 0.3775 0.28 0.36666666666666664 0.23375 0.36 0.13875 0.38 0.05625 0.38166666666666665 0.00875 0.37916666666666665 0 0.36916666666666664 0
10 0.25833333333333336 0.31125 0.255 0.16125 0.26166666666666666 0.00625 0.23 0.00375 0.22583333333333333 0.075 0.2175 0 0.17166666666666666 0.00125 0.18083333333333335 0.18 0.17166666666666666 0.15125 0.15666666666666668 0.00625 0.1275 0 0.12333333333333334 0.08875 0.14 0.16625 0.14333333333333334 0.23375 0.16166666666666665 0.31125 0.165 0.39625 0.16083333333333333 0.4 0.15 0.38375 0.14583333333333334 0.365 0.14333333333333334 0.37875 0.16166666666666665 0.42625 0.18833333333333332 0.67125 0.20083333333333334 0.7125 0.22666666666666666 0.72375 0.25166666666666665 0.69125 0.25833333333333336 0.31125
10 0.29333333333333333 0.52375 0.3 0.34375 0.325 0.10875 0.3258333333333333 0 0.30666666666666664 0.00125 0.305 0.10875 0.29333333333333333 0.13875 0.28833333333333333 0.26375 0.27666666666666667 0.32875 0.27166666666666667 0.50375 0.265 0.55625 0.25166666666666665 0.58875 0.25166666666666665 0.66625 0.26166666666666666 0.69125 0.2733333333333333 0.68125 0.29333333333333333 0.52375
8 0.3491666666666667 0.7875 0.36916666666666664 0.7975 0.4191666666666667 0.78 0.43583333333333335 0.785 0.44 0.75625 0.4225 0.7225 0.3575 0.7025 0.2775 0.69 0.24583333333333332 0.705 0.23166666666666666 0.75125 0.23166666666666666 0.77125 0.24333333333333335 0.80375 0.2675 0.8175 0.30333333333333334 0.81625 0.33416666666666667 0.81 0.3491666666666667 0.7875
8 0.44333333333333336 0.81375 0.4375 0.7975 0.4008333333333333 0.79 0.3566666666666667 0.80375 0.355 0.84375 0.3616666666666667 0.87125 0.37583333333333335 0.8875 0.3883333333333333 0.88625 0.44 0.86625 0.44333333333333336 0.81375
8 0.5141666666666667 0.77 0.4583333333333333 0.76875 0.45666666666666667 0.80125 0.4625 0.81 0.5233333333333333 0.82375 0.5283333333333333 0.79125 0.5141666666666667 0.77
8 0.051666666666666666 0.67875 0.05333333333333334 0.69875 0.06 0.70125 0.06583333333333333 0.6725 0.051666666666666666 0.67875
8 0.10416666666666667 0.665 0.105 0.65625 0.08916666666666667 0.6275 0.050833333333333335 0.6175 0.035 0.63875 0.03333333333333333 0.66375 0.05333333333333334 0.67625 0.08416666666666667 0.6625 0.10416666666666667 0.665
8 0.035 0.67125 0.029166666666666667 0.665 0.0175 0.665 0.006666666666666667 0.68125 0.008333333333333333 0.69875 0.02 0.70125 0.03333333333333333 0.68375 0.035 0.67125
8 0 0.68625 0.005 0.68625 0.0125 0.6675 0.030833333333333334 0.665 0.03333333333333333 0.65625 0.029166666666666667 0.635 0.009166666666666667 0.6225 0 0.62625 0 0.68625
8 0.10416666666666667 0.665 0.0775 0.665 0.06333333333333334 0.68375 0.06 0.70125 0.0675 0.7175 0.11333333333333333 0.71625 0.12833333333333333 0.70125 0.10416666666666667 0.665
8 0.18166666666666667 0.72375 0.12583333333333332 0.7275 0.09083333333333334 0.7475 0.085 0.75625 0.08833333333333333 0.78125 0.11166666666666666 0.79875 0.17416666666666666 0.745 0.18166666666666667 0.72375
8 0.09583333333333334 0.72 0.06333333333333334 0.74125 0.06416666666666666 0.755 0.08333333333333333 0.75625 0.11166666666666666 0.72625 0.09583333333333334 0.72
8 0.2225 0.7625 0.23 0.73625 0.2025 0.725 0.1925 0.705 0.10083333333333333 0.73 0.08333333333333333 0.75375 0.085 0.78625 0.10083333333333333 0.7975 0.11833333333333333 0.79625 0.19583333333333333 0.785 0.2225 0.7625
8 0.7041666666666667 0.81 0.6791666666666667 0.7975 0.6058333333333333 0.7975 0.585 0.82375 0.5925 0.8325 0.6541666666666667 0.8375 0.6775 0.855 0.6966666666666667 0.85375 0.7183333333333334 0.84375 0.7041666666666667 0.81
8 0.72 0.92375 0.7008333333333333 0.905 0.6725 0.9125 0.6683333333333333 0.94375 0.6916666666666667 0.94625 0.7141666666666666 0.94 0.72 0.92375
8 1 0.95875 0.9625 0.9275 0.9225 0.9275 0.8983333333333333 0.95625 0.8991666666666667 1 1 1 1 0.95875