8 0.49166666666666664 0.85875 0.49833333333333335 0.81125 0.48833333333333334 0.75625 0.43916666666666665 0.675 0.41833333333333333 0.67875 0.4166666666666667 0.65375 0.38333333333333336 0.61375 0.30083333333333334 0.47 0.23916666666666667 0.4 0.20083333333333334 0.3825 0.13083333333333333 0.38 0.0225 0.3975 0 0.41125 0.0008333333333333334 0.825 0.035833333333333335 0.845 0.1525 0.8775 0.2275 0.8825 0.30416666666666664 0.8975 0.3225 0.9175 0.3516666666666667 0.91625 0.4691666666666667 0.89 0.49166666666666664 0.85875
8 1 0.56875 0.99 0.51375 0.9566666666666667 0.43625 0.9008333333333334 0.38 0.8341666666666666 0.355 0.7525 0.36 0.6991666666666667 0.375 0.5675 0.48 0.5166666666666667 0.55375 0.5141666666666667 0.5675 0.5016666666666667 0.57625 0.4766666666666667 0.62625 0.47833333333333333 0.65375 0.4683333333333333 0.69125 0.5133333333333333 0.78625 0.6175 0.895 0.6591666666666667 0.9125 0.6991666666666667 0.945 0.7308333333333333 0.95 0.7458333333333333 0.97 0.7925 0.975 0.8091666666666667 0.9675 0.8425 0.9825 0.8691666666666666 0.975 0.8941666666666667 0.9975 0.945 0.99625 0.9583333333333334 0.98375 0.9716666666666667 0.90625 0.97 0.86625 1 0.75125 1 0.56875
8 0.5675 0.4775 0.6275 0.4225 0.6758333333333333 0.3925 0.675 0.37875 0.6591666666666667 0.365 0.5875 0.3575 0.5391666666666667 0.405 0.44416666666666665 0.4475 0.43666666666666665 0.46375 0.43333333333333335 0.50875 0.43666666666666665 0.59625 0.44416666666666665 0.615 0.4633333333333333 0.62625 0.4775 0.6175 0.5675 0.4775
8 0.415 0.53875 0.43166666666666664 0.50125 0.435 0.45875 0.38916666666666666 0.445 0.3325 0.4525 0.31666666666666665 0.48375 0.31833333333333336 0.49625 0.37416666666666665 0.59 0.38916666666666666 0.6025 0.405 0.60125 0.41333333333333333 0.57875 0.415 0.53875
8 0.5825 0.3575 0.6283333333333333 0.35625 0.63 0.32375 0.6066666666666667 0.15375 0.5816666666666667 0.08375 0.5608333333333333 0.0575 0.5041666666666667 0.06 0.4825 0.0675 0.4675 0.085 0.44333333333333336 0.13125 0.41833333333333333 0.23125 0.4166666666666667 0.28125 0.42833333333333334 0.31375 0.46416666666666667 0.375 0.5016666666666667 0.41375 0.5375 0.4025 0.5825 0.3575
8 0.94 0.14625 0.965 0.03625 0.9641666666666666 0 0.5916666666666667 0.00125 0.5966666666666667 0.09375 0.6425 0.3575 0.6875 0.38 0.7091666666666666 0.365 0.8325 0.3475 0.8891666666666667 0.3675 0.935 0.40625 0.945 0.31875 0.94 0.14625
8 0.455 0.36625 0.42833333333333334 0.32125 0.415 0.28125 0.38083333333333336 0.245 0.2975 0.2225 0.26416666666666666 0.225 0.23666666666666666 0.24875 0.18666666666666668 0.35375 0.19083333333333333 0.3775 0.2275 0.3875 0.2791666666666667 0.4325 0.3458333333333333 0.4475 0.42833333333333334 0.44875 0.45 0.43125 0.455 0.36625
8 0.44 0.15125 0.44 0.13875 0.43083333333333335 0.13 0.4025 0.1325 0.37916666666666665 0.1475 0.355 0.22625 0.35583333333333333 0.2375 0.3825 0.2425 0.4166666666666667 0.27375 0.41833333333333333 0.22375 0.44 0.15125
8 0.22583333333333333 0.265 0.24083333333333334 0.24 0.275 0.21625 0.26666666666666666 0.17125 0.23583333333333334 0.13 0.1525 0.1175 0.125 0.14375 0.13833333333333334 0.20875 0.16166666666666665 0.25375 0.18166666666666667 0.27375 0.19916666666666666 0.2625 0.22583333333333333 0.265
8 0.2225 0.2675 0.1975 0.265 0.17666666666666667 0.28375 0.15333333333333332 0.34375 0.15833333333333333 0.37125 0.16833333333333333 0.37375 0.18666666666666668 0.35625 0.2225 0.2675
8 0.17666666666666667 0.27625 0.14416666666666667 0.2675 0.08083333333333333 0.3 0.058333333333333334 0.35625 0.06916666666666667 0.38 0.08833333333333333 0.38625 0.14416666666666667 0.3725 0.17666666666666667 0.27625
8 0.15416666666666667 0.265 0.15666666666666668 0.25125 0.14583333333333334 0.2275 0.1075 0.195 0.0008333333333333334 0.1575 0 0.28875 0.009166666666666667 0.305 0.06 0.34625 0.0875 0.29 0.15416666666666667 0.265
8 0.0475 0.34 0.0008333333333333334 0.2975 0.0033333333333333335 0.40375 0.06833333333333333 0.38125 0.0475 0.34