8 0.5308333333333334 0.712166172106825 0.5425 0.6765578635014837 0.5491666666666667 0.6735905044510386 0.5591666666666667 0.6913946587537092 0.565 0.672106824925816 0.5141666666666667 0.5756676557863502 0.45416666666666666 0.5727002967359051 0.4241666666666667 0.5905044510385756 0.415 0.6038575667655787 0.4166666666666667 0.6394658753709199 0.44333333333333336 0.7225519287833828 0.4633333333333333 0.7462908011869436 0.5025 0.6943620178041543 0.5308333333333334 0.712166172106825
8 0.5708333333333333 0.5281899109792285 0.5716666666666667 0.5148367952522255 0.5575 0.47477744807121663 0.5158333333333334 0.42729970326409494 0.4508333333333333 0.42433234421364985 0.44333333333333336 0.43471810089020774 0.4483333333333333 0.45548961424332346 0.41833333333333333 0.4821958456973294 0.43166666666666664 0.4910979228486647 0.43166666666666664 0.5148367952522255 0.44916666666666666 0.543026706231454 0.4791666666666667 0.5578635014836796 0.53 0.5563798219584569 0.5458333333333333 0.5548961424332344 0.5708333333333333 0.5281899109792285
8 0.4008333333333333 0.5252225519287834 0.4066666666666667 0.5148367952522255 0.4166666666666667 0.48813056379821956 0.41 0.46142433234421365 0.4266666666666667 0.4406528189910979 0.42583333333333334 0.4094955489614243 0.43583333333333335 0.42729970326409494 0.465 0.4169139465875371 0.46 0.38427299703264095 0.43583333333333335 0.3353115727002967 0.37583333333333335 0.2878338278931751 0.3491666666666667 0.2818991097922849 0.22833333333333333 0.3694362017804154 0.21333333333333335 0.4317507418397626 0.21583333333333332 0.4599406528189911 0.2525 0.47181008902077154 0.25916666666666666 0.5074183976261127 0.2675 0.5044510385756676 0.2875 0.5252225519287834 0.2975 0.516320474777448 0.30583333333333335 0.5341246290801187 0.31916666666666665 0.5133531157270029 0.33416666666666667 0.5192878338278932 0.3425 0.4688427299703264 0.355 0.4910979228486647 0.3566666666666667 0.5326409495548962 0.365 0.5385756676557863 0.38083333333333336 0.516320474777448 0.4008333333333333 0.5252225519287834
8 0.7916666666666666 0.36053412462908013 0.7833333333333333 0.3189910979228487 0.7741666666666667 0.3026706231454006 0.7141666666666666 0.26112759643916916 0.6308333333333334 0.27299703264094954 0.6083333333333333 0.327893175074184 0.61 0.37537091988130566 0.6325 0.4065281899109792 0.7041666666666667 0.3620178041543027 0.7241666666666666 0.3620178041543027 0.7383333333333333 0.3694362017804154 0.7441666666666666 0.4124629080118694 0.7583333333333333 0.41097922848664686 0.79 0.3991097922848665 0.7916666666666666 0.36053412462908013
8 0.6725 0.5103857566765578 0.685 0.4970326409495549 0.6925 0.4332344213649852 0.7141666666666666 0.4124629080118694 0.74 0.41097922848664686 0.7341666666666666 0.3649851632047478 0.7041666666666667 0.3620178041543027 0.6233333333333333 0.4198813056379822 0.6216666666666667 0.4495548961424332 0.6383333333333333 0.5118694362017804 0.6616666666666666 0.5326409495548962 0.6675 0.5044510385756676 0.6725 0.5103857566765578
8 0.9033333333333333 0.5504451038575667 0.915 0.5326409495548962 0.9116666666666666 0.5059347181008902 0.8008333333333333 0.4065281899109792 0.7008333333333333 0.42729970326409494 0.6883333333333334 0.46142433234421365 0.6933333333333334 0.5415430267062314 0.7158333333333333 0.5489614243323442 0.7441666666666666 0.6112759643916914 0.78 0.615727002967359 0.8925 0.5934718100890207 0.9033333333333333 0.5504451038575667
8 0.87 0.3724035608308605 0.8883333333333333 0.4258160237388724 0.9025 0.4362017804154303 0.915 0.4198813056379822 0.915 0.3991097922848665 0.9058333333333334 0.3798219584569733 0.8225 0.32047477744807124 0.7975 0.32047477744807124 0.7858333333333334 0.3323442136498516 0.7758333333333334 0.3056379821958457 0.7191666666666666 0.26409495548961426 0.6375 0.27002967359050445 0.6183333333333333 0.2922848664688427 0.6083333333333333 0.33086053412462907 0.6133333333333333 0.38427299703264095 0.6308333333333334 0.4035608308605341 0.6975 0.3649851632047478 0.7208333333333333 0.3620178041543027 0.7341666666666666 0.3649851632047478 0.7416666666666667 0.4050445103857567 0.7525 0.4124629080118694 0.7858333333333334 0.40059347181008903 0.7891666666666667 0.36795252225519287 0.7925 0.4035608308605341 0.88 0.4495548961424332 0.885 0.4287833827893175 0.87 0.3724035608308605
8 0.16583333333333333 0.6023738872403561 0.1925 0.6083086053412463 0.23583333333333334 0.5934718100890207 0.24166666666666667 0.5741839762611276 0.1875 0.516320474777448 0.1575 0.5133531157270029 0.08416666666666667 0.56973293768546 0.056666666666666664 0.6068249258160238 0.13833333333333334 0.6216617210682492 0.15583333333333332 0.6201780415430267 0.16583333333333333 0.6023738872403561
8 0 0.4940652818991098 0.0075 0.5133531157270029 0.04666666666666667 0.5207715133531158 0.0675 0.5044510385756676 0.08916666666666667 0.5133531157270029 0.095 0.5059347181008902 0.03916666666666667 0.45103857566765576 0 0.46142433234421365 0 0.4940652818991098
8 0.14666666666666667 0.3694362017804154 0.13583333333333333 0.3560830860534125 0.11416666666666667 0.35311572700296734 0.09583333333333334 0.3649851632047478 0.035833333333333335 0.3649851632047478 0.025 0.38130563798219586 0.0325 0.4065281899109792 0.08333333333333333 0.4169139465875371 0.12416666666666666 0.41543026706231456 0.14666666666666667 0.3694362017804154
8 0.2075 0.26112759643916916 0.23583333333333334 0.2344213649851632 0.23916666666666667 0.2551928783382789 0.2825 0.2403560830860534 0.285 0.1795252225519288 0.2658333333333333 0.1632047477744807 0.2125 0.1632047477744807 0.16916666666666666 0.19881305637982197 0.1425 0.2314540059347181 0.13333333333333333 0.25667655786350146 0.16333333333333333 0.2626112759643917 0.1925 0.2403560830860534 0.2075 0.26112759643916916
8 0.1275 0.2551928783382789 0.14 0.21810089020771514 0.12083333333333333 0.20178041543026706 0.09583333333333334 0.19881305637982197 0.07916666666666666 0.21364985163204747 0.06666666666666667 0.24777448071216618 0.0775 0.26409495548961426 0.08833333333333333 0.2626112759643917 0.11583333333333333 0.24925816023738873 0.1275 0.2551928783382789
8 0.22416666666666665 0.2878338278931751 0.22666666666666666 0.2774480712166172 0.1875 0.27002967359050445 0.1525 0.28486646884273 0.14 0.30118694362017806 0.15583333333333332 0.32047477744807124 0.17333333333333334 0.3189910979228487 0.19583333333333333 0.29376854599406527 0.22416666666666665 0.2878338278931751