8 0.5616666666666666 0.86625 0.5983333333333334 0.74875 0.6 0.72125 0.58 0.59375 0.56 0.55375 0.555 0.51625 0.5383333333333333 0.47625 0.49916666666666665 0.425 0.4625 0.4075 0.4425 0.4375 0.37916666666666665 0.46 0.36333333333333334 0.48375 0.36833333333333335 0.53625 0.395 0.54875 0.395 0.66875 0.4166666666666667 0.71875 0.4166666666666667 0.73625 0.3958333333333333 0.7775 0.33916666666666667 0.82 0.3308333333333333 0.815 0.32 0.84875 0.3425 0.8625 0.3458333333333333 0.85 0.3475 0.86 0.4091666666666667 0.9175 0.48083333333333333 0.965 0.51 0.97125 0.52 0.96375 0.5616666666666666 0.86625
8 0.5616666666666666 0.86625 0.5983333333333334 0.73875 0.5783333333333334 0.58875 0.5316666666666666 0.46625 0.49916666666666665 0.425 0.4725 0.41 0.4558333333333333 0.41 0.43583333333333335 0.4375 0.4275 0.4225 0.37416666666666665 0.405 0.3458333333333333 0.405 0.3275 0.42 0.25583333333333336 0.4225 0.21583333333333332 0.4625 0.18 0.51375 0.17166666666666666 0.57875 0.16333333333333333 0.58875 0.18 0.64875 0.21 0.70625 0.21833333333333332 0.75125 0.24166666666666667 0.80375 0.30583333333333335 0.8525 0.3625 0.8725 0.4091666666666667 0.9175 0.4791666666666667 0.9625 0.5033333333333333 0.96875 0.5216666666666666 0.95625 0.5616666666666666 0.86625
8 0.135 1 0.14166666666666666 0.96625 0.13333333333333333 0.86625 0.14083333333333334 0.87 0.14583333333333334 0.8575 0.15833333333333333 0.85375 0.15833333333333333 0.79125 0.14583333333333334 0.765 0.10083333333333333 0.7175 0.0675 0.71 0.04583333333333333 0.6875 0.0008333333333333334 0.6675 0 1 0.135 1
8 0.3 1 0.29333333333333333 0.93625 0.315 0.86875 0.2791666666666667 0.8425 0.24916666666666668 0.86 0.23833333333333334 0.87625 0.23666666666666666 1 0.3 1
8 0.445 1 0.4483333333333333 0.94875 0.37583333333333335 0.89 0.31583333333333335 0.88 0.3175 0.8675 0.28583333333333333 0.8425 0.2525 0.8575 0.24 0.87375 0.235 0.90125 0.23916666666666667 1 0.445 1
8 0.23333333333333334 1 0.23666666666666666 0.87375 0.275 0.83125 0.23833333333333334 0.80375 0.20916666666666667 0.72 0.14333333333333334 0.91125 0.14333333333333334 0.94375 0.16416666666666666 1 0.23333333333333334 1
8 0.7083333333333334 1 0.6541666666666667 0.95 0.5875 0.915 0.5425 0.9225 0.515 0.98375 0.5191666666666667 1 0.7083333333333334 1
8 0.7208333333333333 0.89 0.6991666666666667 0.885 0.6625 0.8475 0.5975 0.85 0.5783333333333334 0.86875 0.5791666666666667 0.9125 0.6691666666666667 0.95 0.6958333333333333 0.9725 0.725 0.97875 0.7333333333333333 0.96625 0.7208333333333333 0.89
8 0.7575 0.7925 0.805 0.75625 0.6725 0.6875 0.6191666666666666 0.68 0.6066666666666667 0.71375 0.6066666666666667 0.83625 0.6125 0.845 0.6658333333333334 0.8475 0.6958333333333333 0.88 0.7183333333333334 0.87875 0.7258333333333333 0.83 0.7575 0.7925
8 0.9183333333333333 1 0.9283333333333333 0.96375 0.945 0.93875 0.9483333333333334 0.91375 0.9183333333333333 0.84625 0.8725 0.77 0.8391666666666666 0.76 0.7941666666666667 0.7675 0.7591666666666667 0.7925 0.7233333333333334 0.83625 0.7233333333333334 0.88375 0.7491666666666666 0.995 0.7725 1 0.9183333333333333 1
8 0.9133333333333333 0.65125 0.93 0.60375 0.9333333333333333 0.56375 0.9183333333333333 0.53125 0.8933333333333333 0.42375 0.8758333333333334 0.4075 0.8558333333333333 0.4125 0.8391666666666666 0.4425 0.7458333333333333 0.5075 0.73 0.52625 0.72 0.55625 0.7183333333333334 0.62875 0.735 0.71125 0.7541666666666667 0.73 0.8016666666666666 0.74375 0.8791666666666667 0.705 0.9133333333333333 0.65125
8 0.97 0.68375 0.9341666666666667 0.5625 0.92 0.63875 0.8666666666666667 0.71875 0.8875 0.7325 0.935 0.74125 0.965 0.71875 0.97 0.68375
8 0.9783333333333334 0.79625 0.975 0.83875 0.9616666666666667 0.87375 0.9616666666666667 0.90125 0.9683333333333334 0.93375 1 0.99875 0.9975 0.775 0.9783333333333334 0.79625
8 1 0.50375 0.9341666666666667 0.505 0.92 0.51875 0.9216666666666666 0.53625 0.9383333333333334 0.56375 0.9383333333333334 0.58625 0.96 0.64625 0.9658333333333333 0.6575 0.9783333333333334 0.65875 1 0.65375 1 0.50375
8 1 0.33625 0.9791666666666666 0.325 0.9358333333333333 0.3425 0.9183333333333333 0.39875 0.8983333333333333 0.43125 0.91 0.48125 1 0.49625 1 0.33625
8 0.8875 0.4125 0.8991666666666667 0.4275 0.9166666666666666 0.39875 0.9266666666666666 0.35375 0.965 0.32375 0.9291666666666667 0.2825 0.8891666666666667 0.26 0.8775 0.2625 0.8633333333333333 0.28125 0.8233333333333334 0.39375 0.8116666666666666 0.43375 0.8116666666666666 0.44875 0.82 0.44875 0.8625 0.405 0.8875 0.4125
8 0.99 0.28625 1 0.27625 0.9958333333333333 0.1325 0.9641666666666666 0.13 0.9325 0.1425 0.8933333333333333 0.18625 0.8958333333333334 0.195 0.9583333333333334 0.19875 0.9383333333333334 0.28875 0.9683333333333334 0.32125 0.9791666666666666 0.32 0.99 0.28625
8 0.9541666666666667 0.195 0.8525 0.2 0.795 0.22375 0.8141666666666667 0.26 0.8625 0.275 0.8775 0.26 0.8941666666666667 0.26 0.9366666666666666 0.28375 0.9583333333333334 0.21125 0.9541666666666667 0.195
8 0.9141666666666667 0.1575 0.9391666666666667 0.14 0.945 0.12375 0.9416666666666667 0.10375 0.9241666666666667 0.0975 0.8558333333333333 0.1475 0.845 0.16875 0.8433333333333334 0.19875 0.8566666666666667 0.19875 0.8858333333333334 0.195 0.9141666666666667 0.1575
8 0.89 0.08875 0.8591666666666666 0.0525 0.8483333333333334 0.07125 0.8483333333333334 0.11875 0.8633333333333333 0.14125 0.8933333333333333 0.11875 0.89 0.08875
8 1 0.02375 0.9541666666666667 0 0.93 0.05375 0.9333333333333333 0.08625 0.9658333333333333 0.1275 0.9933333333333333 0.12625 1 0.12375 1 0.02375
8 0.9975 0.02 0.9658333333333333 0 0.8916666666666667 0.00375 0.8883333333333333 0.01875 0.9333333333333333 0.07875 0.9508333333333333 0.115 0.9658333333333333 0.1275 0.9933333333333333 0.12625 1 0.12375 0.9975 0.02
8 0.7525 0.1825 0.7925 0.1525 0.8025 0.155 0.8133333333333334 0.18125 0.8258333333333333 0.19 0.8466666666666667 0.15875 0.84 0.06875 0.8091666666666667 0.0175 0.7508333333333334 0.0175 0.7408333333333333 0.03 0.6858333333333333 0.0275 0.6683333333333333 0.04875 0.66 0.07625 0.67 0.09875 0.67 0.12375 0.6583333333333333 0.15375 0.6533333333333333 0.19375 0.6583333333333333 0.19625 0.7008333333333333 0.1725 0.7525 0.1825
8 0.7966666666666666 0.35375 0.8133333333333334 0.32125 0.8116666666666666 0.26125 0.7825 0.2025 0.7025 0.175 0.6466666666666666 0.20875 0.6366666666666667 0.25375 0.6383333333333333 0.29875 0.6541666666666667 0.34 0.6866666666666666 0.36125 0.69 0.40125 0.7033333333333334 0.44125 0.6983333333333334 0.44875 0.7283333333333334 0.48125 0.8033333333333333 0.46125 0.7966666666666666 0.35375
8 0.685 0.36375 0.6358333333333334 0.3325 0.6333333333333333 0.30875 0.6175 0.2875 0.5608333333333333 0.2675 0.5308333333333334 0.3025 0.5033333333333333 0.35375 0.5016666666666667 0.38125 0.5225 0.43 0.5358333333333334 0.435 0.6175 0.3825 0.6766666666666666 0.44625 0.6866666666666666 0.40375 0.685 0.36375
8 0.6683333333333333 0.45875 0.6683333333333333 0.44375 0.6175 0.3825 0.5891666666666666 0.395 0.5308333333333334 0.4425 0.5266666666666666 0.45375 0.5633333333333334 0.53625 0.6508333333333334 0.4825 0.6683333333333333 0.45875
8 0.6816666666666666 0.60125 0.7083333333333334 0.56125 0.7183333333333334 0.48875 0.6958333333333333 0.4575 0.6725 0.4575 0.6525 0.4825 0.6158333333333333 0.505 0.6033333333333334 0.52875 0.6033333333333334 0.56875 0.6183333333333333 0.60625 0.62 0.63625 0.6416666666666667 0.66625 0.6733333333333333 0.63125 0.6816666666666666 0.60125
8 0.4666666666666667 0.37375 0.4666666666666667 0.31125 0.4608333333333333 0.2975 0.4475 0.295 0.3858333333333333 0.325 0.36083333333333334 0.3275 0.3416666666666667 0.35875 0.3475 0.4 0.3908333333333333 0.4025 0.435 0.41875 0.4525 0.4025 0.4666666666666667 0.37375
8 0.15 0.57125 0.155 0.53125 0.21 0.45625 0.22166666666666668 0.42625 0.225 0.34125 0.22 0.30125 0.2075 0.2775 0.13083333333333333 0.235 0.08666666666666667 0.27125 0.07833333333333334 0.33125 0.065 0.37125 0.03666666666666667 0.40625 0.028333333333333332 0.42875 0.013333333333333334 0.49875 0.013333333333333334 0.53125 0.028333333333333332 0.57375 0.0625 0.6225 0.1125 0.665 0.13666666666666666 0.66625 0.15833333333333333 0.65125 0.15 0.57125
8 0 0.25125 0.050833333333333335 0.3025 0.07666666666666666 0.31375 0.085 0.26875 0.11583333333333333 0.245 0.12166666666666667 0.22125 0.11166666666666666 0.17875 0.05416666666666667 0.1175 0.035833333333333335 0.14 0.006666666666666667 0.15125 0 0.17125 0 0.25125
8 0.055 0.30875 0.0025 0.255 0.0016666666666666668 0.39625 0.03333333333333333 0.35625 0.055 0.30875
8 0 0.14625 0.01 0.14625 0.0325 0.14 0.05583333333333333 0.1175 0.07416666666666667 0.1375 0.0875 0.135 0.12583333333333332 0.1125 0.12833333333333333 0.10125 0.12333333333333334 0.08125 0.1025 0.0525 0.0475 0.05 0 0.08125 0 0.14625
8 0.10083333333333333 0 0.10833333333333334 0.04375 0.13166666666666665 0.09375 0.1875 0.165 0.20333333333333334 0.16375 0.23083333333333333 0.1575 0.24416666666666667 0.105 0.30083333333333334 0.12 0.31166666666666665 0.06875 0.305 0.01875 0.2891666666666667 0 0.10083333333333333 0
8 0.18166666666666667 0.16625 0.16583333333333333 0.135 0.13583333333333333 0.1075 0.07833333333333334 0.14125 0.11333333333333333 0.17875 0.1225 0.2325 0.14 0.23125 0.15166666666666667 0.18125 0.18166666666666667 0.16625
8 0.2375 0.2025 0.2608333333333333 0.2075 0.26166666666666666 0.19375 0.23083333333333333 0.16 0.15583333333333332 0.1775 0.14166666666666666 0.23625 0.21166666666666667 0.27375 0.21666666666666667 0.22625 0.2375 0.2025
8 0.4066666666666667 0.28125 0.4166666666666667 0.22875 0.3825 0.205 0.3425 0.1975 0.3275 0.1825 0.2658333333333333 0.1925 0.27166666666666667 0.23375 0.295 0.29125 0.30916666666666665 0.3125 0.3233333333333333 0.31375 0.3925 0.3125 0.4066666666666667 0.28125
8 0.33416666666666667 0.4075 0.34 0.39625 0.3416666666666667 0.35375 0.37166666666666665 0.31875 0.3408333333333333 0.31 0.2775 0.345 0.23333333333333334 0.43125 0.24166666666666667 0.43125 0.25416666666666665 0.4175 0.33416666666666667 0.4075
8 0.2816666666666667 0.26375 0.26 0.19125 0.24083333333333334 0.1675 0.1675 0.17 0.14833333333333334 0.18875 0.14583333333333334 0.24 0.20916666666666667 0.275 0.22416666666666665 0.305 0.26 0.30625 0.27666666666666667 0.29375 0.2816666666666667 0.26375
8 0.4216666666666667 0.15625 0.4041666666666667 0.1325 0.3358333333333333 0.11 0.30666666666666664 0.17125 0.30916666666666665 0.18 0.32916666666666666 0.1825 0.3525 0.2 0.43 0.22375 0.43333333333333335 0.21375 0.4216666666666667 0.15625
8 0.45416666666666666 0.0025 0.3425 0 0.315 0.03375 0.305 0.10125 0.31583333333333335 0.12 0.3458333333333333 0.11 0.4033333333333333 0.12625 0.43666666666666665 0.09125 0.45416666666666666 0.0025
8 0.54 0.28625 0.545 0.25625 0.5566666666666666 0.23875 0.5566666666666666 0.21125 0.5375 0.175 0.49916666666666665 0.13 0.47583333333333333 0.1225 0.45666666666666667 0.14625 0.44333333333333336 0.20625 0.44166666666666665 0.25125 0.455 0.29125 0.465 0.29875 0.4683333333333333 0.33125 0.47833333333333333 0.33375 0.5175 0.3125 0.54 0.28625
8 0.67 0.11625 0.6641666666666667 0.0925 0.6341666666666667 0.0725 0.5491666666666667 0.0525 0.4816666666666667 0.10875 0.48583333333333334 0.1225 0.5341666666666667 0.165 0.555 0.19875 0.5575 0.2625 0.6316666666666667 0.28625 0.6416666666666667 0.20875 0.67 0.11625
8 0.48583333333333334 0.0975 0.535 0.05375 0.4708333333333333 0.0125 0.4575 0.0125 0.44666666666666666 0.03375 0.445 0.07125 0.43166666666666664 0.10875 0.435 0.13875 0.44 0.13875 0.4775 0.12 0.48583333333333334 0.0975
8 0.6633333333333333 0.01375 0.6575 0 0.5466666666666666 0.00125 0.545 0.01375 0.5575 0.05 0.655 0.07875 0.6633333333333333 0.05625 0.6633333333333333 0.01375